6.871736e-01 8.468021e+03
2.645258e-01 1.929088e+04
3.742764e-01 3.267884e+03
4.635723e-02 1.124887e+05
1.510977e-01 8.110638e+04
9.093337e-02 1.897271e+04
7.282800e-01 1.898619e+05
2.702409e-01 9.329013e+04
5.564801e-02 4.772732e+04
4.063098e-01 7.175223e+04
1.697116e-01 1.120308e+04
1.327462e+00 7.514324e+04
1.453449e-02 1.889292e+05
2.931789e-01 1.876523e+05
2.697409e-01 1.956534e+05
2.090188e-01 1.440109e+05
5.952877e-01 2.254959e+05
4.129009e-01 1.270481e+05
9.120133e-01 1.027733e+04
1.865869e-01 3.278630e+03
3.261145e-01 1.851605e+04
1.080987e+00 1.946846e+05
9.356228e-01 2.376634e+04
1.555350e-01 1.675190e+05
1.108741e-02 3.375335e+05
1.115205e-02 1.947433e+05
3.106605e-02 6.361325e+04
1.969203e-01 8.084387e+03
7.062430e-01 1.265222e+05
3.718980e-01 1.471902e+05
1.182756e-01 5.453965e+04
1.224191e+00 1.110835e+05
3.030343e-01 2.013617e+04
3.989979e-01 3.686804e+05
2.356893e-01 1.776616e+04
4.627366e-01 4.255537e+04
8.152128e-01 1.639578e+04
1.150430e-02 4.001867e+04
1.655002e+00 4.971003e+04
7.125965e-01 1.603622e+04
1.214188e+00 3.332063e+04
9.053494e-01 4.083126e+05
1.273831e-01 1.123257e+05
3.726084e-01 1.014987e+05
1.372566e-01 6.486967e+04
7.783683e-02 6.737992e+04
2.875981e-01 9.614540e+03
2.594216e-01 1.412479e+03
1.080790e+00 1.137108e+05
1.460296e+00 1.137570e+04
3.934933e-01 1.780651e+05
2.344880e-02 3.564881e+04
6.615148e-01 1.367175e+05
1.954140e+00 1.031551e+05
1.434883e+00 7.141547e+03
3.895681e-01 1.044085e+05
9.653557e-01 3.581222e+04
1.001341e-02 7.703871e+03
9.163905e-02 1.341185e+04
1.256127e+00 3.411780e+04
2.647649e-03 1.222846e+05
5.822150e-01 2.677718e+04
2.155651e-01 4.808261e+04
2.460250e-01 1.437178e+05
2.170846e-01 3.311254e+05
7.735709e-01 1.151699e+05
2.143019e-01 8.826519e+04
6.519633e-01 2.083294e+04
4.745919e-01 1.387670e+04
7.330420e-01 3.547292e+04
7.540438e-01 2.873308e+05
6.128627e-01 9.498237e+04
1.684564e-02 9.445106e+04
4.548324e-01 2.172109e+05
4.166041e-01 1.031785e+05
7.018308e-01 1.461370e+05
7.880689e-03 1.109484e+04
3.891271e-02 2.804124e+04
1.071591e-02 4.975086e+03
4.518045e-01 8.002472e+03
9.570854e-02 2.817989e+04
3.305529e-01 1.613722e+05
7.942251e-01 9.914962e+04
1.466892e-02 9.687267e+04
3.770446e-01 1.776741e+05
3.457633e-01 8.220179e+04
1.473275e-01 8.612558e+04
1.322258e+00 4.664174e+04
4.473176e-01 1.066963e+05
7.004400e-01 1.546929e+05
3.506230e-01 1.333734e+05
2.515979e-01 8.159265e+04
3.748090e-01 1.112370e+05
9.357894e-02 2.053675e+05
7.351745e-02 2.714059e+04
2.064075e-01 7.384381e+04
1.470746e-01 1.087158e+04
3.661934e-01 3.865891e+04
2.614727e-01 6.822203e+04
1.360058e+00 1.052704e+05
1.711881e-01 1.722872e+04
2.780385e-01 2.403611e+04
9.062695e-03 2.038165e+04
7.703107e-02 1.234417e+05
8.214322e-02 3.169492e+05
6.817272e-01 9.866061e+03
2.255894e-01 1.288463e+04
5.035439e-02 1.362261e+04
3.203504e-01 2.734564e+05
3.375992e-01 2.147871e+04
1.384742e+00 1.704493e+05
1.115614e-01 1.392197e+05
1.081212e+00 5.889060e+04
9.062965e-04 2.619815e+04
1.489514e-01 8.846173e+04
1.969722e-01 1.134712e+05
1.320528e-01 1.198162e+05
4.642281e-01 1.940883e+05
4.416380e-02 1.437920e+05
4.217769e-01 4.320469e+04
9.391873e-01 1.808816e+05
4.041667e-02 2.377516e+05
2.230883e+00 4.057098e+04
5.781240e-01 8.348151e+03
2.278408e-01 3.650954e+04
8.669257e-01 9.990010e+04
7.276779e-01 1.296209e+03
4.936780e-03 1.139979e+05
2.202093e-01 7.601352e+04
8.087615e-02 9.366011e+03
8.556612e-01 1.460953e+04
1.172058e+00 5.173995e+04
3.614023e-02 2.913219e+04
4.486680e-01 2.907449e+04
1.093920e+00 2.000828e+05
9.665984e-01 1.514427e+05
1.178944e+00 1.283775e+05
1.042740e-01 6.758661e+04
6.104765e-02 5.032966e+04
2.975699e-02 1.343666e+05
1.224444e-01 1.149297e+05
2.928768e-01 7.990951e+04
3.804391e-01 4.288677e+04
9.354600e-02 2.270190e+05
1.242324e+00 8.181638e+04
4.163872e-01 2.545198e+04
6.445986e-02 5.378229e+04
1.136224e-02 7.105965e+04
8.238363e-02 4.813176e+04
6.737186e-02 5.048040e+04
4.925542e-01 1.452159e+05
8.289992e-01 4.741289e+04
2.541882e-01 8.688428e+04
2.154619e-02 1.266098e+04
1.557034e+00 1.329034e+04
4.628109e-01 2.110604e+05
4.529080e-01 2.808422e+05
2.014943e+00 8.476147e+04
4.016399e-02 2.527759e+05
4.735173e-01 6.177026e+04
1.993660e-01 9.218334e+04
1.304813e-01 2.740571e+04
5.711371e-01 3.478908e+04
3.691251e-01 3.854773e+05
4.130943e-01 2.752204e+05
1.488343e-01 2.428262e+04
2.485284e-01 1.690030e+04
7.595169e-01 1.264813e+05
1.635431e-02 1.424910e+04
7.472422e-01 1.100147e+04
1.417351e-01 1.499425e+04
7.638680e-01 1.595712e+05
3.174606e-01 7.155778e+04
3.498524e-01 1.685655e+04
7.495720e-01 1.102697e+05
5.162325e-01 4.741238e+04
1.062046e-01 1.067662e+05
2.209034e-02 6.907980e+04
1.028920e+00 1.211777e+05
3.129310e-01 1.094702e+05
1.134099e-01 4.481567e+04
1.158984e-01 9.030620e+03
3.978907e-02 3.922260e+04
6.048865e-03 2.473556e+04
1.429374e+00 4.402238e+05
1.244772e-01 1.657606e+05
3.720730e-01 4.148329e+05
9.412186e-01 6.427787e+04
5.507084e-01 3.878931e+04
3.409486e-01 1.138610e+04
1.831498e-01 3.876761e+04
6.070764e-01 9.754022e+04
3.061176e-01 1.216449e+05
3.940203e-01 3.031755e+04
2.373662e-01 4.661154e+04
8.113810e-01 9.341457e+04
2.298339e-02 2.025263e+04
7.693057e-03 5.803237e+04
7.817780e-01 1.069441e+04
9.421877e-03 7.011069e+04
6.931526e-02 3.159070e+04
2.088278e-01 1.101265e+05
1.427112e-01 2.953456e+05
3.031089e-01 1.105180e+05
2.903764e-01 6.386914e+04
3.829161e-01 3.335568e+03
8.068517e-01 9.536032e+04
8.070121e-01 1.300263e+05
7.041263e-01 4.189889e+04
8.171734e-02 2.907800e+04
1.998894e-01 7.662898e+03
2.210957e-01 3.493307e+04
8.653263e-01 1.214177e+05
6.237002e-02 3.561487e+03
7.215987e-02 5.976376e+03
1.618450e+00 2.027869e+05
1.442714e-03 8.121963e+04
8.559990e-03 1.167575e+04
1.151802e+00 5.901648e+04
3.040923e-01 8.849936e+04
2.550908e+00 4.630982e+03
5.785032e-01 4.619972e+04
1.007636e-01 7.667913e+04
2.071240e-01 1.233559e+05
3.572077e-01 2.426196e+04
6.551878e-01 1.231452e+05
1.953566e-01 2.543060e+05
1.922503e-01 1.323580e+05
6.159602e-02 6.712083e+04
2.972162e-01 3.868514e+05
5.675483e-01 1.750390e+05
2.659537e-01 1.114452e+04
2.185042e-01 4.697805e+04
2.000696e-01 7.404303e+04
1.721271e-01 7.741917e+04
8.953156e-01 1.406609e+05
1.312734e+00 1.948237e+03
2.820245e-02 5.264977e+04
8.637383e-02 2.608466e+04
1.268505e-02 2.179311e+04
1.986576e-02 3.574649e+04
2.545022e-01 1.341845e+04
2.005326e-01 6.390044e+04
8.341465e-01 1.173827e+05
3.314515e+00 1.988247e+05
2.773366e-01 9.844426e+04
2.007648e-01 2.490647e+05
3.150247e-01 1.051608e+05
1.030354e+00 1.007613e+04
1.369963e-01 4.325062e+03
5.801519e-01 1.767245e+04
8.813142e-01 1.284902e+05
3.407355e-01 5.447575e+04
4.448552e-02 4.256203e+04
4.536612e-01 3.561402e+04
8.686715e-02 9.867675e+04
1.504098e-02 5.776814e+03
1.699484e+00 7.860971e+04
2.477403e-01 4.462961e+05
4.875053e-02 1.345549e+04
5.605009e-01 6.231318e+04
5.979481e-02 2.804696e+05
6.059595e-03 2.288442e+04
1.494038e-01 1.392240e+05
8.197551e-01 3.058554e+04
5.258370e-01 2.244722e+05
5.903730e-01 5.829865e+04
6.904370e-01 5.548589e+04
8.327183e-02 4.061754e+04
1.687844e-01 2.823797e+04
1.824557e-01 3.065602e+04
3.907945e-01 3.948262e+05
7.262444e-02 1.861702e+05
2.932424e-01 1.656213e+05
1.300680e-01 1.175176e+05
1.191815e-01 7.812169e+04
7.901626e-01 6.994610e+04
1.976925e+00 1.638230e+05
1.237502e-01 1.870270e+05
7.820393e-01 1.615656e+05
4.007860e-01 6.204304e+04
1.771411e+00 1.536136e+05
3.675112e-01 1.217104e+05
1.067472e-01 5.378439e+03
1.473840e+00 1.148286e+05
7.996973e-02 3.859694e+03
6.407138e-01 7.241976e+04
2.386899e-01 1.417484e+04
7.204124e-01 5.570920e+04
3.458362e-02 1.909146e+05
2.447056e-01 3.619894e+04
6.594399e-01 8.627755e+04
9.120037e-01 1.927548e+05
2.559710e-01 3.828533e+04
2.606754e-01 4.229514e+04
1.972922e-01 1.881031e+05
2.880622e-01 9.637425e+04
3.776999e-01 9.846763e+03
5.141371e-01 3.379628e+04
1.641512e+00 4.959161e+04
1.968089e-01 1.301589e+04
5.652606e-01 1.063814e+04
1.685637e-01 1.472484e+04
4.922680e-01 3.236034e+05
1.074408e-02 2.083289e+04
8.697253e-01 1.031360e+04
1.250727e-01 4.367000e+03
7.890263e-01 8.043390e+03
1.022812e+00 9.038262e+04
7.850613e-01 5.231675e+04
3.352566e-01 9.988938e+04
5.319685e-01 2.393054e+05
1.979392e+00 3.319531e+04
8.851115e-01 2.373576e+04
6.898610e-01 8.299408e+04
2.921703e-01 2.163405e+05
6.225262e-01 6.637536e+03
4.638423e-02 8.667925e+04
4.299285e-02 2.113511e+04
4.676487e-01 2.581943e+05
9.396763e-02 3.292261e+04
6.253626e-01 2.298835e+04
2.620787e-01 3.268981e+04
1.711085e-02 3.602995e+04
2.193733e-01 1.864466e+05
2.778547e-01 1.243952e+05
1.976050e-01 2.427685e+04
3.340781e-01 1.847368e+05
3.740807e-01 1.700559e+04
1.196411e-01 2.374392e+05
5.368744e-02 1.049419e+04
1.484002e+00 8.316310e+04
1.014826e-01 7.732557e+04
4.791044e-01 5.443897e+04
9.996947e-01 3.031419e+05
6.890973e-01 4.283160e+04
8.271966e-01 1.058354e+05
1.747235e-01 1.760635e+05
1.150551e+00 1.307797e+05
1.617806e-01 6.243648e+03
8.464962e-02 1.941559e+04
2.220062e+00 1.681405e+05
5.705026e-01 1.923568e+05
2.990525e-01 3.956428e+04
1.173581e-01 5.514681e+04
4.868944e-03 7.793132e+04
1.480256e-01 1.476549e+05
1.669525e-02 3.061559e+04
1.042681e-01 2.022076e+05
1.002135e+00 1.138937e+05
4.556375e-02 9.360173e+04
2.468293e-01 2.370354e+04
1.507473e-01 5.375179e+04
1.315621e-01 3.442972e+04
6.603432e-02 1.503189e+05
2.323848e-01 1.355877e+05
4.000592e-01 4.414929e+04
1.821747e-01 6.420263e+03
9.406297e-02 3.608583e+04
1.241150e-01 1.404065e+04
3.998986e-01 6.451951e+04
2.670355e-01 1.561470e+05
1.925007e-02 5.005954e+05
7.423629e-01 4.273077e+04
8.083372e-02 8.871877e+04
1.840343e-01 1.335417e+05
7.939737e-02 8.842382e+04
1.024754e+00 2.344863e+04
1.026292e+00 7.298229e+04
3.180941e-01 1.387511e+05
1.658717e-01 7.176183e+04
5.189758e-01 7.571412e+04
1.578157e+00 1.369740e+05
1.690653e-01 2.178474e+05
1.003212e+00 4.950480e+04
2.212525e-01 2.656472e+04
2.398097e-01 3.883738e+04
3.216310e-01 1.884465e+04
1.558617e-01 5.618105e+04
1.247074e+00 5.021676e+04
4.492366e-01 1.919609e+05
1.357620e+00 2.918360e+04
1.202803e-01 4.838897e+03
5.063561e-01 1.266293e+05
2.298496e-01 6.830561e+04
1.913896e-01 6.307000e+04
7.298952e-01 3.699746e+05
1.265497e+00 1.359897e+04
4.039420e-01 4.665669e+04
4.044090e-01 2.284416e+04
1.028284e+00 1.057655e+05
3.548591e-01 1.650867e+05
6.271085e-01 1.786260e+05
1.601082e+00 2.406683e+04
1.597674e-01 2.130053e+05
1.599060e-01 2.040197e+04
2.972561e-01 5.549256e+04
1.278141e+00 4.061416e+03
9.862193e-02 5.487327e+04
1.344259e+00 2.543220e+04
6.168690e-02 1.294329e+04
3.821335e-01 1.653770e+05
1.990828e+00 6.163578e+03
6.127210e-01 2.098543e+05
6.977831e-01 3.549645e+04
1.103070e-02 1.320783e+05
3.642811e-01 6.649903e+04
4.269301e-01 3.975121e+04
3.650332e-01 2.727407e+05
8.147778e-02 3.507756e+05
7.251277e-01 3.165018e+04
5.052415e-01 9.191101e+04
8.745476e-02 9.245156e+04
4.321926e-01 3.095661e+05
9.034080e-01 4.155922e+04
2.192850e+00 5.862408e+04
1.045642e+00 3.802935e+04
2.291791e-02 8.251509e+04
1.051757e-01 1.159107e+05
1.786234e-01 4.894166e+04
6.516872e-01 2.351475e+05
2.709250e-01 3.126533e+04
2.503759e-01 2.409192e+05
9.279147e-01 4.036215e+04
3.734519e-02 5.659544e+04
7.724463e-02 1.502651e+04
3.205931e-01 2.291630e+05
9.449727e-01 1.249532e+04
8.152476e-01 3.483781e+05
1.166240e-01 9.443160e+04
4.248332e-01 5.515908e+04
3.775412e-01 1.674911e+05
8.480241e-02 3.861967e+03
5.932374e-01 5.598007e+04
4.585696e-01 4.102083e+05
2.708020e-03 1.224831e+05
1.154748e-02 7.619196e+04
7.417365e-01 1.084557e+05
4.214010e-01 2.459536e+05
5.438381e-02 1.066961e+05
9.248681e-01 9.642297e+04
3.968197e-01 1.802591e+04
7.653761e-01 3.857784e+04
1.910040e-02 1.821707e+05
5.757771e-01 2.938063e+05
4.653611e-03 1.215447e+05
4.753994e-01 5.912942e+04
3.648035e-01 3.497417e+03
1.001043e+00 7.006654e+04
9.792453e-02 1.831462e+05
5.941178e-01 2.040495e+04
1.758779e-01 1.455041e+05
1.888741e-01 8.822095e+04
8.279667e-01 1.421541e+05
2.234595e-01 3.107966e+04
9.543696e-01 3.705024e+04
8.959167e-01 1.120371e+05
4.883039e-01 6.065100e+03
3.426645e-01 1.473433e+03
1.044202e+00 2.870248e+05
1.023282e+00 1.562132e+04
6.577524e-02 2.347109e+05
7.321787e-01 3.207283e+04
2.146568e-01 5.763404e+04
1.906986e-01 1.904229e+05
2.969781e-02 6.044579e+03
6.717400e-01 3.712222e+04
1.132837e-02 1.680012e+05
1.907085e-01 5.014201e+05
6.347804e-01 3.958410e+05
1.990321e-01 6.329204e+04
2.114733e-01 8.415242e+04
3.140327e-01 5.393418e+04
1.801620e+00 1.138044e+05
9.865454e-01 1.582165e+05
2.051770e-01 5.694820e+04
3.073529e-01 7.114038e+04
1.739533e-01 4.867241e+04
4.215271e-01 8.951248e+04
2.723335e-01 2.035618e+05
4.055012e-01 1.095455e+05
1.704305e-01 3.459261e+05
2.458803e-01 5.392533e+04
6.852893e-02 3.363249e+03
3.428970e-01 1.070212e+05
5.133108e-01 1.829930e+03
1.250296e-01 4.948232e+04
1.272302e-01 4.422383e+04
3.794518e-01 4.033350e+04
6.605555e-01 1.066452e+04
2.020754e-01 8.997681e+03
1.207900e-01 9.741713e+04
3.357849e-01 4.631464e+05
1.331936e+00 1.529742e+05
1.672010e-01 9.987650e+04
4.609300e-01 4.209160e+04
5.733013e-01 7.988086e+04
7.169522e-01 6.607380e+04
3.094512e-01 1.943269e+04
1.339897e+00 2.440814e+05
3.641555e-01 1.416341e+05
6.676510e-01 2.228260e+05
4.673224e-01 1.812408e+03
2.195992e-01 2.406024e+05
1.311882e+00 4.341837e+04
3.028911e-01 8.406700e+04
2.797789e-01 1.167169e+04
4.865575e-01 2.724543e+04
6.895346e-01 2.411077e+04
5.928323e-02 4.852565e+04
3.809523e-01 2.858028e+04
2.146855e-01 5.177624e+03
2.860498e-01 3.645365e+05
8.618113e-01 3.625025e+05
1.349895e+00 4.075004e+05
5.829026e-01 9.518499e+04
5.161489e-01 1.409052e+05
2.728345e-01 1.011401e+05
8.980480e-02 5.032623e+03
5.927598e-01 4.204978e+04
2.054358e-01 2.673541e+04
5.977825e-01 1.596419e+05
1.801249e-01 1.346497e+05
8.231657e-01 8.103628e+03
1.543873e-02 4.128353e+03
1.200376e-01 2.651680e+05
2.063933e-02 4.304666e+04
4.776620e-01 1.484637e+05
1.640998e-01 5.307279e+04
9.872932e-02 3.865697e+04
1.908679e+00 1.516083e+05
2.797841e-01 1.837617e+05
3.950736e-01 2.156333e+05
1.571233e-01 1.218417e+05
6.666675e-01 4.101774e+04
3.110450e-01 3.028262e+05
6.157032e-01 1.787133e+04
1.033496e-01 1.069767e+04
1.580523e-01 1.424899e+05
4.771328e-02 4.215202e+04
3.934230e-01 2.445044e+05
5.560827e-01 1.796242e+05
1.174703e+00 2.624102e+04
2.303660e-01 3.188133e+05
5.434983e-03 2.860856e+04
1.703772e-01 2.172159e+05
1.404729e-02 4.166316e+04
4.238467e-01 2.788419e+04
5.054382e-02 7.985749e+04
5.253465e-02 3.485747e+05
