3.344590e-01 3.448539e+04
4.972631e-02 8.686652e+04
3.672276e-01 9.932417e+04
1.829542e-01 3.535084e+04
1.057395e-01 7.356563e+04
2.933477e-01 1.825158e+04
7.083143e-02 2.605989e+05
6.530634e-02 9.862897e+04
1.188059e-01 2.293279e+04
1.889548e-01 2.534704e+04
2.065992e-01 1.055836e+05
1.010244e+00 7.480349e+04
4.388011e-01 3.168667e+05
1.494273e-01 2.133247e+05
2.044533e-01 7.425596e+04
6.864281e-01 4.970725e+04
3.623112e-01 5.663633e+04
1.049024e-01 8.003262e+04
2.664198e-01 6.228390e+04
1.573356e-01 4.392497e+04
3.654000e+00 1.587124e+04
8.575788e-01 4.073521e+05
1.279320e-01 1.775532e+05
7.685237e-01 1.045806e+05
2.140436e-01 2.474333e+05
1.598468e+00 1.019059e+05
6.791490e-03 4.077623e+04
2.709310e-01 1.756804e+05
6.111212e-02 2.785718e+05
2.267772e-01 2.429406e+05
3.184916e-02 6.803883e+04
4.141547e-01 2.922688e+05
1.502778e-01 9.856037e+03
1.308135e-01 7.861198e+04
5.117105e-02 1.197345e+05
2.212527e-02 9.531780e+04
3.986394e-02 9.589152e+04
7.213867e-01 6.206735e+04
1.606969e-01 1.005905e+05
3.967650e-01 4.321178e+04
3.275356e-01 1.101988e+05
5.377996e-01 9.063275e+04
2.462953e-02 1.849697e+04
1.094147e-01 1.340116e+05
2.842362e-02 7.527896e+04
2.705024e-01 3.168434e+05
1.998250e-01 4.258080e+05
1.414815e+00 3.858454e+05
3.749676e-01 1.238157e+05
1.117598e+00 1.916387e+04
5.757911e-01 2.136588e+05
3.358894e-01 1.597494e+05
5.032587e-01 9.923362e+04
1.559148e-01 1.600458e+05
8.741634e-01 3.456591e+03
1.218691e+00 1.578339e+05
4.467357e-02 1.205177e+05
6.669086e-01 8.968954e+04
3.989169e-02 8.197733e+03
7.060483e-01 2.400349e+04
5.811862e-01 1.807968e+04
7.641947e-02 2.477829e+05
1.269362e-01 3.540256e+04
5.102951e-01 8.828948e+04
1.152466e+00 6.108398e+04
2.567967e+00 1.743640e+05
1.960834e-01 2.521234e+03
2.098700e-01 1.914393e+05
8.879391e-02 4.552211e+04
4.754046e-01 9.984464e+04
9.876488e-01 4.061458e+04
7.060932e-02 8.429025e+04
2.159707e-01 9.632851e+03
3.339757e-01 1.896592e+05
3.177970e-01 2.307758e+04
1.701471e+00 1.211513e+05
1.948682e-01 4.391955e+04
1.217983e+00 7.519887e+04
7.637626e-02 2.758549e+05
4.341191e-01 2.164663e+04
1.210618e-01 5.735865e+03
9.554700e-01 1.530836e+05
2.201498e+00 2.324237e+04
6.897595e-02 1.302214e+05
3.790494e-01 4.315740e+04
2.850767e-01 3.278798e+05
1.063795e-01 8.869339e+04
8.721088e-02 3.028375e+04
9.770949e-01 2.044036e+05
2.102495e-01 6.717352e+04
1.686916e-01 1.243061e+05
1.866786e-01 6.246192e+03
7.433548e-01 2.121076e+05
8.052267e-01 4.570079e+04
1.099879e+00 1.783978e+05
8.074984e-01 5.852964e+04
7.942724e-02 4.232731e+04
2.742085e-01 1.972218e+04
1.574514e-01 1.675730e+04
4.155795e-01 9.661446e+04
5.642249e-01 8.594736e+03
8.393957e-04 2.551125e+04
2.965619e-01 2.266764e+05
1.627334e-01 2.211279e+05
3.383279e-01 5.335441e+04
7.092058e-01 3.137446e+04
9.189564e-01 1.573527e+05
1.456343e-01 1.275110e+04
4.993255e-01 5.940966e+04
1.427924e+00 7.136692e+04
1.221420e+00 2.850711e+05
1.805302e+00 1.149173e+03
1.732945e-01 9.599185e+04
4.316449e-01 2.645297e+04
3.249225e-01 3.029756e+04
7.280348e-02 3.301100e+04
4.902654e-02 9.979464e+04
7.886830e-01 2.969952e+04
1.694813e-02 2.084728e+04
8.329630e-02 7.127059e+03
1.106141e-02 1.160258e+05
1.005707e+00 4.435709e+04
8.257677e-01 4.185853e+04
1.964964e-01 1.217443e+05
1.618603e-01 1.110039e+04
1.353516e-01 3.122504e+04
1.593176e-01 1.422776e+05
3.213038e-01 2.530664e+05
2.190059e+00 1.336884e+05
4.875615e-04 6.733327e+04
1.677511e-03 3.756348e+04
3.179315e-01 7.700979e+04
8.459550e-01 1.155989e+03
5.476531e-02 1.424889e+05
3.233022e-01 2.668347e+05
6.742224e-01 3.105755e+04
1.869642e+00 9.613495e+04
2.811139e-02 5.613439e+04
7.646048e-01 8.637018e+04
5.256900e-01 1.349159e+05
7.083117e-01 5.848507e+03
7.064889e-01 3.015150e+05
2.765608e-01 2.056900e+05
2.765979e-01 7.007827e+04
1.872279e+00 7.064976e+04
3.869190e-02 5.755273e+03
1.077061e+00 6.486793e+04
1.370243e+00 6.990248e+04
1.192667e-01 6.105812e+03
7.489610e-01 1.393065e+05
5.004245e-02 8.017441e+03
1.017562e+00 1.060909e+05
3.126234e+00 1.334259e+05
1.344823e+00 5.461077e+04
1.800717e-01 8.222306e+04
1.100170e-01 4.671125e+04
3.252043e-01 4.143063e+04
8.220147e-01 1.277367e+05
3.361806e-02 1.570411e+04
3.610097e-02 5.338674e+04
6.398598e-01 2.109011e+05
7.516139e-01 5.421812e+04
3.425077e-01 7.898681e+04
2.145542e-01 5.651238e+04
2.631026e-01 2.124203e+04
2.330684e-01 3.228990e+05
1.410769e-01 1.444846e+05
3.782112e-02 2.463541e+05
8.855033e-02 1.637041e+04
1.102803e-01 3.856858e+05
7.254425e-01 2.996137e+04
3.939449e-01 1.446247e+05
7.718735e-01 3.295824e+04
5.856823e-01 7.928384e+04
6.062387e-01 3.967851e+04
2.274953e-01 3.329154e+05
1.886729e-01 5.856349e+04
2.616081e-01 1.162647e+05
1.591690e+00 2.288104e+05
2.945637e-01 2.828455e+05
1.746233e-01 2.712493e+05
6.531637e-01 1.762139e+05
1.521304e+00 4.259373e+03
1.151100e+00 3.178805e+04
9.006371e-01 1.125550e+04
4.208554e-02 2.087271e+04
5.981470e-01 3.360131e+04
1.188573e-01 3.351434e+04
3.393170e-03 4.708538e+04
4.767309e-02 2.829661e+04
1.285239e+00 4.973353e+04
9.113404e-01 7.950023e+03
5.462318e-02 5.205502e+04
8.776931e-01 2.096176e+05
2.453790e-01 3.357541e+04
1.148051e-01 4.827292e+03
8.622095e-01 7.272235e+04
3.572981e-01 8.318101e+03
5.135212e-01 2.641684e+04
5.298962e-01 8.160426e+04
1.117294e-01 1.328996e+05
6.527383e-01 1.219281e+05
2.523155e-01 1.251549e+05
2.232596e-01 2.955749e+04
1.187044e-01 7.401863e+04
9.874198e-02 5.608202e+04
2.003314e-01 4.183992e+04
4.341738e-01 3.847370e+03
3.324912e-03 4.561071e+04
7.337805e-02 3.011772e+04
4.812107e-02 7.239525e+04
1.601051e+00 1.340677e+05
8.240040e-02 8.675290e+04
4.823500e-02 2.958305e+04
2.294929e-01 4.292393e+04
6.699312e-01 2.420532e+04
3.129256e-01 3.565225e+04
5.854480e-02 1.033437e+04
7.753736e-02 5.149276e+05
2.038799e+00 5.797775e+03
1.509983e-01 2.571008e+04
5.232229e-02 9.602869e+04
4.150723e-01 1.796345e+04
7.332529e-02 1.836302e+05
5.571665e-01 9.977910e+04
1.664361e-01 9.083792e+03
4.454856e-01 1.305098e+05
5.271278e-01 1.101042e+05
9.594966e-01 2.321467e+04
9.404431e-01 6.454378e+03
2.873392e-01 3.853795e+04
4.089901e-01 3.217666e+04
1.409659e-01 2.280745e+05
2.090983e-02 2.254787e+04
2.053628e-01 3.331232e+05
4.509114e-01 2.234420e+05
1.001832e+00 1.668883e+05
9.493234e-02 2.680004e+05
4.325556e-01 1.152474e+05
3.956781e-01 1.088348e+05
5.098891e-01 2.994962e+04
8.066966e-03 3.741915e+04
8.644439e-02 1.797220e+05
7.169695e-01 2.081683e+04
4.314489e-01 1.277391e+04
1.734707e-01 1.539183e+05
6.517359e-03 9.836571e+03
9.326890e-02 7.460186e+04
3.275410e-01 4.869098e+04
2.786131e-01 1.410415e+05
3.303029e-01 2.473655e+04
4.976882e-01 2.282862e+05
1.918328e-02 1.297117e+05
2.539480e-01 2.672306e+03
9.009438e-01 8.307051e+04
2.443920e-01 1.322886e+05
8.427844e-01 9.506302e+04
1.718119e+00 1.058222e+04
2.102752e-01 6.861744e+04
2.592408e-01 1.017118e+04
9.050160e-01 8.270053e+04
1.345791e-01 1.689081e+05
6.532955e-02 4.320332e+04
3.631224e-01 7.617665e+04
1.766517e-01 6.222997e+04
4.406161e-01 1.507975e+05
2.254008e-01 1.263193e+05
1.370179e+00 7.433461e+04
2.587325e-01 9.222235e+04
7.178416e-01 2.025175e+05
4.689691e-01 3.731374e+04
7.773024e-01 1.222597e+04
2.492820e-03 1.203738e+05
8.523160e-01 1.601362e+05
7.552203e-01 3.493025e+04
1.190548e-01 1.525615e+05
7.679367e-01 8.060049e+04
7.625885e-01 1.135648e+05
2.832226e-01 4.003024e+04
6.142825e-01 4.373760e+04
1.722008e-01 1.204099e+05
1.934884e+00 9.489762e+04
8.751633e-01 1.924306e+04
6.122812e-02 1.098755e+05
1.420001e-01 1.003559e+04
7.070099e-01 1.518856e+04
5.739471e-01 4.043990e+04
2.511132e-02 3.635842e+04
1.606132e-01 1.936447e+04
2.038266e-01 3.932510e+04
4.066929e-02 4.652107e+04
3.668846e-01 4.683463e+05
7.647672e-02 5.408253e+05
3.252208e-01 3.599662e+04
1.495653e-01 1.173025e+05
5.728923e-01 2.765445e+05
4.779258e-02 1.841304e+05
8.672284e-02 2.345724e+04
2.488788e-01 2.979054e+04
4.754998e-01 1.354984e+05
1.021585e-01 9.288270e+03
4.329975e-01 9.553171e+03
3.887674e-01 1.058632e+04
1.435983e-01 2.016187e+05
8.405699e-02 1.432930e+05
3.973177e-02 3.435088e+04
3.530056e-01 5.723197e+04
6.844896e-02 8.590675e+04
5.822733e-01 3.678001e+04
6.359355e-02 2.184664e+04
1.104151e-01 1.248072e+04
2.182782e-01 4.667673e+05
2.124910e-02 1.549875e+05
5.156863e-01 1.188274e+04
4.997558e-02 6.347995e+04
2.581960e-01 1.799761e+05
4.251873e-01 2.389766e+05
4.672170e-02 3.836635e+04
8.310642e-01 7.024120e+01
9.533919e-01 1.169217e+05
6.339304e-01 1.068018e+05
1.374749e-01 1.522059e+05
6.032236e-01 3.857543e+05
1.608548e+00 4.200577e+04
7.953581e-02 7.657882e+04
3.772125e-01 1.456848e+05
1.994985e-01 1.417760e+05
5.968630e-01 5.738686e+04
7.076992e-01 6.336412e+03
3.501948e-03 3.071474e+05
1.067938e+00 3.318590e+05
7.432857e-01 8.486807e+04
4.341392e-02 5.787301e+04
4.532909e-01 7.764299e+04
7.885014e-01 1.528289e+05
1.619753e-01 8.628432e+04
4.278061e-01 2.577548e+05
1.119663e+00 4.282890e+04
1.594464e-01 9.501323e+03
1.785139e-01 3.240585e+05
1.106423e-01 1.153747e+03
5.719148e-01 1.179563e+05
4.241561e-01 4.585273e+04
8.037311e-01 2.841298e+05
7.146758e-01 6.955041e+04
6.406913e-01 4.105727e+05
1.747065e+00 1.431855e+05
4.185346e-01 1.210883e+04
2.837331e-01 1.791478e+04
7.859398e-01 5.063494e+04
3.516012e-01 1.928972e+05
9.607734e-02 2.606351e+04
5.583447e-01 6.937109e+04
1.234110e-01 3.272567e+04
7.583552e-01 1.111526e+05
1.083862e+00 3.858794e+03
5.716620e-02 3.455884e+05
2.340113e-01 1.030636e+05
3.560051e-02 1.628673e+02
7.166279e-01 2.392255e+05
3.914924e-01 7.004366e+04
1.459047e-01 1.155700e+04
1.907817e-01 4.324201e+04
3.524220e-02 9.470953e+04
1.048946e-01 7.282199e+04
8.292408e-01 5.468919e+04
2.618629e-01 5.591885e+04
1.546223e-02 1.941510e+05
2.730978e-01 1.121889e+04
3.106904e-01 1.489454e+05
6.475798e-01 3.857130e+04
1.004117e-02 4.469080e+04
2.237966e-01 3.335794e+04
1.269275e+00 1.213185e+04
4.195030e-02 1.217455e+04
8.864078e-02 1.657526e+05
2.522690e-01 2.489860e+05
2.128729e-01 1.328604e+04
1.901672e-01 6.364506e+04
1.427932e-01 1.063413e+05
1.614978e-02 2.761115e+05
1.172708e+00 9.815466e+04
5.048936e-01 7.811430e+04
5.016108e-01 4.232922e+04
1.367794e+00 6.186666e+05
1.198465e-02 1.496942e+05
1.025660e-01 2.218658e+05
4.811700e-01 1.622531e+05
2.677200e-01 1.134124e+04
6.916039e-01 1.992946e+04
1.763045e+00 3.428417e+04
2.919547e-02 4.068434e+04
3.860794e-01 8.409201e+04
3.595010e-01 4.557137e+03
1.066570e+00 4.770365e+04
6.218674e-01 1.262840e+05
1.081574e+00 5.654751e+04
2.968060e-01 7.180745e+04
5.110371e-01 1.614189e+05
1.246657e+00 1.448387e+05
1.237420e-01 4.613211e+04
2.685276e-01 5.348908e+04
1.818842e-01 9.748077e+04
5.492845e-01 5.294947e+04
2.526785e-01 2.343740e+05
1.019943e+00 1.212741e+03
1.329730e-01 1.656969e+05
1.130443e+00 2.211046e+03
1.098708e+00 6.606651e+04
1.482496e-01 1.769306e+04
3.064381e-01 4.322765e+04
1.857387e-01 2.777805e+04
2.370182e-02 2.929036e+04
4.335782e-01 8.557055e+04
1.078258e-03 9.503488e+04
2.337042e-01 1.425682e+05
4.251308e-03 1.336594e+05
7.695686e-01 3.498516e+04
5.723622e-02 3.250197e+04
1.590114e+00 1.728165e+05
6.647020e-01 1.259577e+04
9.815839e-01 1.896350e+04
3.052848e-02 6.855376e+04
6.604277e-02 1.567770e+05
5.632401e-01 1.878426e+05
7.329145e-02 3.144198e+05
2.835776e-01 4.239223e+04
8.991613e-01 1.725686e+04
2.026370e+00 3.766672e+04
4.964679e-01 1.352285e+04
4.559148e-01 3.782470e+05
1.881128e+00 7.487853e+04
1.778994e+00 1.574916e+05
1.428835e+00 4.914896e+04
8.501716e-01 4.479017e+04
2.683255e-02 2.371992e+05
7.610586e-01 1.614832e+05
1.719857e-01 3.361037e+03
9.132728e-02 5.262781e+04
5.518902e-01 1.083125e+05
3.054710e-01 5.616542e+05
1.798497e-01 1.040383e+04
9.990918e-01 1.400167e+04
4.443975e-01 6.350682e+04
7.938886e-01 1.197773e+04
8.888968e-01 4.399123e+03
1.758439e+00 4.693717e+04
1.249510e+00 4.519449e+05
1.450959e+00 9.839459e+04
4.070671e-01 1.511533e+04
5.501603e-01 8.163825e+04
7.924272e-01 1.937286e+04
1.507471e+00 2.043614e+05
9.066132e-01 1.605885e+04
2.681226e-01 1.107201e+05
1.668523e-01 3.722031e+05
5.127673e-02 4.415122e+04
4.358627e-01 4.588571e+04
3.654836e-02 6.663754e+03
1.115666e+00 2.709633e+05
1.235128e-01 1.108786e+05
5.425633e-01 5.288738e+04
7.684848e-02 7.535169e+04
5.885416e-01 2.718240e+04
7.809884e-02 4.131275e+04
1.098493e-01 3.240663e+05
5.061505e-01 9.950399e+04
9.923788e-02 1.124095e+05
2.836358e-01 1.435191e+04
2.040564e-01 3.216452e+05
3.181413e-01 1.877696e+04
7.646974e-01 9.298345e+03
2.668322e-01 1.349121e+05
1.320151e-01 1.523464e+05
1.902781e+00 6.389604e+04
3.529914e-01 2.249348e+05
1.897666e-01 1.635942e+04
7.980621e-01 4.759558e+04
6.860690e-01 1.548980e+05
1.360439e-01 5.161353e+03
4.267171e-01 2.261951e+04
8.172827e-01 9.087962e+04
4.325961e-01 9.555015e+04
1.718450e+00 4.240159e+05
8.443798e-01 2.817059e+04
8.980400e-01 1.047228e+05
4.375740e-01 7.630878e+04
1.621016e+00 1.643587e+04
7.137208e-02 2.710350e+04
1.032219e+00 1.566087e+05
3.380093e-01 1.154376e+05
9.312341e-01 1.698746e+05
1.505695e+00 1.126275e+04
4.905325e-01 3.958164e+04
7.748062e-01 9.659553e+04
3.232391e-01 1.063495e+05
1.242631e-02 2.349754e+04
1.539182e+00 1.160430e+04
2.442125e-01 1.418352e+04
1.179844e+00 9.408507e+04
1.469122e+00 4.803211e+04
2.702441e-02 1.398191e+05
1.266679e+00 2.474415e+04
1.758525e-01 4.598639e+04
4.492445e-01 1.696330e+05
1.773156e-01 1.475511e+04
2.883425e-01 3.784995e+05
3.608128e-01 5.645684e+03
1.600022e-02 3.472026e+03
3.105941e-01 1.679088e+05
1.337521e+00 8.407528e+04
7.305998e-01 3.985845e+03
1.195827e+00 3.109714e+04
2.463667e-01 1.023650e+05
9.915809e-02 4.135503e+04
1.156925e+00 3.010871e+05
2.168362e-01 1.502063e+04
9.788575e-01 8.863339e+03
7.402502e-01 8.954437e+03
1.174748e-01 1.163072e+05
1.471835e-02 8.596979e+04
3.053536e-01 1.916348e+03
9.790530e-02 2.310731e+05
9.237648e-02 4.996301e+04
2.366566e-01 3.866922e+04
1.073738e+00 3.969272e+04
2.918117e-01 2.354501e+05
1.665109e-01 4.378728e+05
6.289171e-01 3.221525e+05
3.107591e-01 1.554155e+05
4.527704e-01 3.090046e+03
6.012035e-01 1.842094e+04
5.128832e-01 5.008202e+04
3.630663e-01 1.419088e+05
1.155433e+00 4.120548e+04
2.941026e-01 4.566926e+04
2.739665e-01 6.305372e+04
7.443212e-01 1.753980e+04
1.441118e-01 1.638417e+05
1.728846e-01 9.727248e+04
8.269486e-02 3.031910e+04
1.775741e+00 1.253970e+05
1.862110e-01 7.936909e+04
5.385503e-02 9.158531e+04
2.250815e+00 1.337469e+05
2.073238e+00 6.239577e+04
2.776882e-01 1.368305e+05
4.892880e-02 1.389927e+05
1.044897e-01 4.432488e+04
8.153479e-02 1.166046e+05
1.895195e-01 8.666753e+04
6.257230e-03 1.219263e+05
1.294372e+00 9.112772e+04
1.868708e-02 1.290730e+05
4.404782e-01 1.405693e+05
3.221933e-01 9.189303e+04
1.010969e-01 6.532695e+05
5.386093e-01 2.532072e+05
1.315063e-01 2.297972e+05
2.966530e-01 5.251418e+04
7.161353e-01 2.282502e+04
3.927890e-01 3.320964e+05
1.228390e-02 1.935608e+05
3.283202e-01 2.878485e+04
5.301512e-01 8.798134e+04
1.875356e-01 8.907049e+04
7.033995e-02 2.556335e+04
7.173212e-01 1.360236e+04
5.485302e-01 6.679107e+04
7.675864e-01 1.044986e+05
5.140467e-01 1.607051e+04
5.277000e-01 3.288499e+04
3.700465e-01 9.134020e+04
2.544686e-01 4.816676e+04
2.950892e-01 7.678066e+04
1.437293e+00 2.210452e+04
2.296789e-01 1.032255e+05
9.735031e-02 1.465268e+05
4.944250e-02 5.939828e+04
1.558682e+00 6.317878e+04
6.361464e-01 1.825846e+04
2.665900e-01 3.086375e+04
7.392206e-02 2.084265e+05
2.124505e-01 6.120420e+04
7.114377e-02 1.238138e+05
3.465323e-01 5.723828e+04
2.379152e-03 2.810478e+04
1.713341e-01 8.299026e+04
5.481796e-01 1.819657e+05
2.071866e-01 5.111345e+04
4.451663e-01 1.042976e+05
7.266252e-01 4.010082e+04
1.887284e-01 3.904142e+04
2.475345e+00 1.944336e+05
3.630950e-01 1.556315e+05
9.124745e-01 3.609507e+04
1.806453e-01 2.261963e+05
1.915874e-01 5.206206e+04
1.797631e-01 4.994456e+04
3.069514e-01 6.736667e+04
1.655145e+00 2.568581e+05
4.663913e-01 9.954850e+04
1.054331e+00 2.409319e+05
1.855859e-02 9.610844e+04
4.065719e-02 8.950162e+04
3.223902e-01 9.489291e+04
7.358619e-02 8.011506e+04
6.844220e-01 1.812058e+05
1.456503e-01 1.374632e+04
3.293947e-01 2.608447e+04
1.043557e-01 1.006183e+05
1.454059e+00 8.402140e+04
3.062673e-02 5.740917e+05
2.339421e-01 1.161134e+05
7.713006e-01 1.927109e+04
1.006787e+00 6.113359e+04
3.014512e-01 1.194290e+04
3.429770e-02 1.516471e+05
8.395280e-02 1.317864e+05
5.177826e-01 4.979896e+04
3.111078e-01 9.036989e+04
5.737777e-01 7.355659e+04
3.271780e-01 1.650252e+05
1.194686e-01 2.091506e+04
5.121431e-01 3.347273e+05
4.268066e-01 2.245650e+05
1.187558e+00 2.045646e+05
1.924361e-02 4.039302e+04
4.762165e-01 3.741350e+03
5.112940e-02 2.063294e+05
1.733989e+00 1.277359e+05
