1.460248e-01 1.438314e+02
1.902101e-01 1.058236e+05
1.173425e-01 6.056073e+04
5.313460e-02 1.642915e+05
4.766343e-02 1.049455e+05
1.517288e-01 1.991001e+03
7.384938e-01 6.900246e+04
1.337983e-01 5.453208e+04
3.240656e-01 4.751804e+04
4.680972e-03 4.994146e+04
3.066661e-01 1.925201e+04
4.874794e-02 6.675753e+04
2.831725e-01 7.369390e+04
1.735561e+00 8.317143e+03
8.229451e-02 4.193981e+03
8.982624e-01 3.482209e+04
3.202198e-01 9.073993e+04
1.586156e+00 1.637945e+05
1.946126e+00 6.841047e+04
9.841393e-02 2.069550e+05
5.441352e-01 7.954294e+04
1.753202e+00 4.003769e+04
1.391114e-01 2.564745e+04
2.222383e-03 1.069980e+05
3.435127e-01 6.931538e+02
2.649488e-01 8.017253e+04
1.702642e-02 8.790466e+04
3.214966e-01 2.716877e+05
8.863287e-01 2.440394e+04
1.522960e-01 1.812626e+05
4.010288e-01 8.079291e+04
1.099749e+00 4.004369e+05
5.652407e-02 7.751491e+04
9.176687e-01 1.908998e+04
8.383492e-01 1.468096e+04
1.145565e-01 1.507964e+04
1.768101e-01 3.914183e+03
1.782163e+00 4.792934e+04
5.658342e-01 9.018245e+03
9.978187e-01 2.072123e+05
1.868587e+00 1.400223e+05
1.193725e-01 1.949957e+04
1.596267e-02 5.161272e+04
6.127412e-01 2.060630e+04
1.134876e+00 2.138455e+04
4.560995e-01 7.559045e+04
6.718415e-01 1.240798e+04
6.555709e-01 4.110314e+04
4.442211e-01 3.238147e+04
8.456393e-01 1.369840e+05
6.840322e-01 1.722705e+04
1.274176e+00 3.669099e+04
2.593602e-01 3.083077e+04
1.073366e-01 4.352115e+04
3.881636e-01 4.559909e+03
2.112299e-01 7.773558e+04
6.128194e-02 1.509235e+04
4.653757e-02 1.143150e+05
7.100305e-01 1.474402e+04
1.329923e+00 1.001698e+05
8.465299e-02 2.462780e+04
1.712023e+00 2.798757e+04
1.553058e-01 1.298715e+04
5.404679e-01 1.287174e+05
5.572878e-02 3.360462e+05
5.089930e-01 1.043744e+05
1.920118e-01 1.557969e+05
1.725874e+00 3.832627e+04
1.508090e-01 4.183848e+04
1.401520e-01 4.142276e+04
3.037412e-01 1.052799e+05
1.163877e-01 5.240642e+04
2.251461e-01 1.026035e+04
4.550769e-02 7.185637e+04
1.233686e+00 1.104107e+04
2.688153e-01 1.672199e+05
4.578687e-01 1.287525e+05
1.305437e+00 7.359924e+04
2.486664e-01 1.738432e+04
8.062185e-01 2.732870e+05
3.447426e-01 2.977527e+04
4.389785e-01 7.782115e+04
3.834779e-01 9.487678e+04
2.233151e-02 1.282494e+05
6.606995e-01 4.253823e+03
1.567608e+00 3.971968e+04
1.298329e-01 2.229472e+05
5.945757e-02 2.118857e+03
3.588597e-02 2.477929e+04
3.461128e-01 7.803756e+04
6.731905e-01 1.195767e+05
6.058638e-01 2.108740e+05
1.762595e-01 8.115172e+04
5.659710e-01 9.171305e+04
4.014497e-01 1.469969e+05
1.978709e+00 4.822283e+04
4.140564e-01 2.067081e+05
3.618083e-01 1.621053e+05
2.035301e-01 4.538249e+05
6.707150e-01 2.349692e+05
7.285688e-01 2.566803e+05
1.879734e-01 1.356086e+05
1.609729e-01 4.737596e+04
2.688549e-01 5.304274e+04
1.660886e-01 1.334898e+05
5.093841e-02 1.254010e+05
4.257462e-01 1.751007e+03
6.082045e-02 8.936221e+04
1.027345e+00 1.838183e+05
6.261473e-01 5.246688e+04
1.701560e-01 1.393668e+05
2.679794e-01 1.800034e+05
2.903922e-01 1.472698e+05
2.068084e-02 3.580676e+04
5.640632e-01 7.527290e+04
2.305791e-01 6.329341e+04
1.150447e-02 8.771985e+04
1.462550e-01 1.054590e+05
6.732901e-02 8.257046e+04
2.345176e-01 5.832069e+04
3.821741e-01 1.090329e+05
4.064406e-01 7.096133e+04
1.634435e-01 1.825519e+04
5.024064e-03 2.964401e+05
1.075197e+00 7.444586e+04
7.988783e-01 1.268170e+05
2.629404e-02 4.548639e+02
7.385486e-01 2.042929e+05
1.454304e-01 7.914210e+04
2.246139e-01 1.397230e+05
2.174402e+00 3.224768e+04
7.960737e-01 2.242402e+04
1.671304e-01 3.195462e+04
8.671398e-01 7.761039e+04
1.395601e-03 1.316360e+05
1.742287e-01 9.086829e+04
4.545202e-01 3.105056e+05
3.872398e-01 1.121930e+05
4.002404e-02 4.148995e+04
4.089845e-01 1.367897e+05
2.697198e-02 2.045993e+04
3.120198e-01 6.251326e+04
8.833939e-01 4.045329e+04
3.510347e-02 2.800592e+05
4.772776e-01 2.453260e+05
2.665629e-01 4.262678e+04
8.050569e-01 8.586740e+04
4.394509e-01 2.752552e+05
3.710429e-01 2.660525e+04
2.079486e-01 2.899977e+03
9.374787e-02 4.179942e+04
1.359347e+00 4.562733e+04
3.397861e-01 2.456692e+05
8.459604e-01 1.426843e+04
7.384376e-01 1.330398e+05
4.246771e-02 4.388441e+04
7.501115e-02 1.004109e+05
5.984201e-02 1.790544e+04
2.852764e-01 9.360814e+04
1.810274e-01 1.261232e+05
7.682766e-02 5.804089e+04
1.655857e+00 4.957619e+04
4.217872e-02 2.861744e+04
1.188074e+00 2.858394e+05
8.530487e-02 6.995421e+04
6.414520e-01 1.286490e+05
1.213391e+00 4.194871e+04
4.495489e-03 1.425983e+04
3.859370e-01 5.781587e+04
7.675863e-01 3.840645e+05
1.145951e-01 3.780149e+04
1.838819e-01 1.983282e+05
1.183439e+00 1.391234e+05
4.967051e-01 4.615082e+04
6.935244e-01 4.393274e+04
2.397700e-01 5.324297e+04
1.360094e+00 8.009725e+03
8.847859e-02 2.713644e+04
5.476113e-01 5.350467e+04
4.531072e-02 1.038902e+05
2.080467e-01 9.397779e+04
1.847101e+00 5.128634e+04
5.419242e-01 5.109710e+03
2.407411e-02 9.659123e+04
1.643455e+00 2.235578e+05
1.406505e+00 7.550016e+03
8.026158e-01 1.103005e+05
4.314661e-02 4.636105e+04
4.735378e-01 7.197332e+04
3.465745e-01 6.942192e+03
3.165565e-01 8.235068e+04
3.495374e-02 8.932180e+04
1.595194e-01 5.079051e+05
6.715806e-01 4.506630e+04
8.097124e-01 6.411188e+03
3.440750e-01 8.327829e+04
1.292045e-01 7.604924e+03
1.209066e+00 2.208279e+05
3.504298e-01 3.234159e+05
5.014489e-01 5.499779e+04
5.533861e-01 2.835401e+05
3.103492e-02 8.261982e+04
8.868812e-01 2.524908e+04
7.270706e-01 8.649870e+03
1.610445e-01 1.926376e+04
3.223618e-01 3.657006e+05
5.139174e-01 7.132748e+04
2.165009e-01 2.155119e+04
7.579392e-01 2.384579e+05
1.901848e-01 1.205345e+05
3.295436e-01 2.753277e+04
4.045370e-01 1.050182e+05
1.510829e-01 1.526986e+05
1.812485e-01 2.439042e+05
2.342415e-01 6.854061e+03
1.381319e-01 7.363812e+04
3.107455e-02 8.612089e+02
5.833948e-01 9.207680e+04
4.075442e-01 4.221064e+04
7.315487e-01 1.798014e+04
4.500275e-01 1.768423e+05
5.292185e-01 7.485033e+04
9.060176e-01 8.858057e+04
1.955263e-01 1.875012e+05
1.328194e-02 4.890903e+04
1.340328e+00 2.420127e+03
1.221699e+00 1.227037e+04
3.341181e-01 2.706800e+05
1.412757e+00 8.487776e+04
1.480541e-01 5.121648e+04
5.785782e-02 9.445051e+04
1.456178e-01 2.031427e+04
7.936838e-01 8.115689e+04
8.541888e-02 1.694502e+05
5.717360e-01 8.972144e+04
1.036654e-01 2.451376e+05
9.021707e-01 1.293848e+05
1.042844e+00 6.613719e+04
5.686576e-02 1.777788e+04
1.774265e+00 3.479807e+04
7.939634e-01 1.521074e+04
2.457855e-01 3.027234e+05
7.998281e-02 2.490712e+05
1.365735e+00 7.806655e+04
2.863132e-01 1.004163e+05
1.604066e-01 5.984017e+03
1.178667e+00 5.538716e+04
2.987254e-01 2.926840e+04
7.611814e-01 7.849977e+03
7.386201e-01 1.852315e+05
1.664024e-01 7.511875e+03
1.535368e-01 1.752273e+05
1.684158e+00 8.481075e+04
1.053469e+00 4.082737e+05
8.332584e-01 1.803600e+04
4.105702e-01 2.447981e+05
8.959082e-01 5.673486e+04
1.520159e+00 3.297143e+04
5.250176e-01 5.570506e+04
1.239912e+00 6.333582e+03
1.149098e+00 1.882570e+05
1.240361e+00 8.461456e+04
2.336402e-01 4.504578e+03
1.227125e+00 4.890276e+04
9.186473e-01 1.068802e+05
9.301814e-02 1.121994e+05
2.949140e-01 6.583112e+04
3.587370e-03 1.334961e+05
3.022375e-02 4.448121e+03
1.097592e-01 3.908212e+04
2.173269e+00 1.932930e+04
1.009533e-01 2.052043e+05
4.223173e-02 1.430188e+04
4.244466e-01 1.164775e+05
4.015282e-03 5.658640e+04
2.525044e-01 7.195296e+04
1.195749e+00 4.182979e+05
1.542315e+00 1.779533e+05
1.464332e-02 5.071658e+05
5.960849e-01 1.158056e+05
4.973715e-01 2.704468e+04
2.876829e-02 4.856542e+04
5.747379e-01 5.328024e+04
2.555065e-01 4.889950e+04
5.486683e-02 1.829489e+04
8.092470e-01 1.062174e+05
1.254840e+00 9.677885e+04
6.109154e-01 8.854634e+04
1.065168e-01 5.336016e+02
1.798610e-01 7.775581e+04
8.607877e-02 2.717930e+04
4.366640e-01 4.081983e+04
7.153817e-01 1.568757e+05
1.040885e-01 7.797965e+04
2.770522e-01 5.113743e+04
1.402457e+00 3.871972e+05
3.303116e-01 1.764616e+05
3.825576e-01 1.325617e+05
5.870439e-01 3.461718e+04
2.635078e-01 2.542317e+04
4.392462e-01 1.664190e+04
2.731724e+00 1.447216e+05
4.968341e-01 1.279542e+04
7.214094e-01 8.258454e+04
9.009614e-01 2.025321e+04
1.688952e+00 3.289055e+04
8.429529e-02 3.337846e+04
2.544469e+00 2.179687e+05
3.605129e-01 7.569204e+04
2.742824e-01 7.549672e+04
1.676973e+00 4.419678e+04
1.472129e+00 1.211051e+05
2.558647e-01 2.849336e+05
7.886448e-01 3.406014e+05
7.271265e-03 1.380259e+05
1.468128e-01 1.011319e+05
1.122224e+00 1.075747e+04
2.061162e-01 5.695260e+04
2.007832e-01 8.980711e+04
3.927807e-01 1.142204e+05
1.252653e+00 1.137629e+04
5.037774e-01 2.024499e+04
2.192846e-01 5.616103e+04
7.491868e-02 2.128666e+05
1.359805e-02 6.284554e+03
1.708005e-01 7.704765e+04
4.847832e-01 1.193452e+04
1.437283e-01 3.060390e+05
1.638585e+00 1.447345e+05
3.900067e-01 1.216297e+05
4.938963e-02 2.198450e+05
1.171388e-01 5.773187e+04
1.947225e-02 3.155707e+05
4.365418e-01 4.591180e+03
1.392822e-01 3.492359e+04
5.889351e-01 2.768122e+05
6.008313e-01 6.910631e+04
2.654338e-01 1.062977e+05
3.729827e-01 1.923260e+05
6.662165e-01 2.147949e+05
2.495030e-02 5.037305e+04
1.781721e-01 8.649175e+04
4.394313e-01 2.454704e+04
3.861475e-01 1.661198e+05
5.208803e-01 1.136035e+04
3.785555e-01 4.530367e+04
1.861716e+00 9.815012e+04
5.981651e-01 3.091900e+04
5.183648e-01 4.367429e+04
1.172127e+00 3.754142e+04
1.035301e+00 3.777597e+03
2.588529e-01 1.115755e+05
3.023042e-01 1.276660e+05
9.015069e-02 5.725563e+04
1.456858e-01 6.654267e+04
4.649109e-02 7.404987e+04
1.330269e-01 2.060565e+05
5.268425e-01 1.023547e+05
2.085497e-01 3.520901e+03
1.775688e-01 2.455993e+04
2.326232e-01 4.275427e+03
3.263916e-01 1.741503e+05
2.040994e-01 1.826019e+05
1.095008e+00 1.250001e+05
5.323543e-01 9.480971e+04
5.056630e-02 3.916083e+04
5.366364e-02 1.239498e+03
7.236810e-02 1.385456e+05
2.740080e-01 3.412503e+04
4.599932e-01 1.096106e+05
7.232553e-01 5.084298e+04
2.944869e+00 9.666744e+04
2.422415e-01 2.155487e+03
3.881486e-03 3.279784e+05
5.210139e-02 4.269394e+04
7.297615e-01 2.593609e+04
1.583705e+00 7.957448e+04
4.367795e-01 2.670267e+04
2.728740e-01 6.286297e+04
5.620627e-01 2.423329e+05
6.425851e-01 6.315260e+04
2.854338e-01 6.706292e+04
1.995290e-01 1.574957e+05
2.777864e-01 1.918826e+04
3.441615e-01 4.918819e+04
2.140774e-01 3.938477e+04
4.831089e-01 9.527559e+04
2.771785e+00 3.601127e+03
3.564981e-01 7.062526e+04
1.756074e-01 8.843942e+04
1.963888e-02 2.500784e+04
6.631955e-02 9.535625e+04
8.798594e-02 1.161156e+05
2.169495e-01 1.099461e+05
5.576363e-01 1.206067e+04
1.079303e+00 8.585056e+03
5.733453e-01 9.496683e+04
3.706517e-01 7.321571e+04
2.792243e-01 8.172506e+04
8.494077e-02 1.970868e+03
6.889897e-01 2.231935e+05
4.077864e-01 1.024208e+04
7.645711e-01 8.734662e+04
6.046329e-01 1.895335e+04
1.302284e+00 1.284162e+05
2.727108e-01 1.531303e+05
3.637340e-01 5.416423e+04
2.053108e-02 8.893462e+04
6.203261e-01 8.269511e+04
9.165056e-01 1.980598e+05
1.065651e+00 1.387405e+05
4.077674e-01 2.087273e+05
5.412262e-02 1.041480e+05
7.836801e-01 1.200610e+05
3.272044e-02 2.656450e+05
1.852436e-01 3.267595e+04
2.705886e-01 4.177113e+02
1.435761e-01 7.095762e+03
1.989341e-01 2.513871e+03
6.980647e-02 1.593870e+04
1.770393e-01 3.017298e+04
2.007566e+00 7.774786e+04
7.569468e-01 6.372263e+04
1.610129e+00 9.826718e+02
4.530930e-01 1.306529e+05
2.319559e-01 6.709480e+04
2.678932e-02 7.878140e+04
5.496644e-01 4.184788e+05
1.220738e+00 4.280794e+04
1.076053e+00 1.064613e+05
1.174368e+00 2.551950e+05
1.481545e+00 2.909780e+05
1.180573e-01 1.562197e+05
1.776902e-01 1.448331e+04
6.905255e-02 1.103026e+04
9.439015e-02 4.518286e+05
1.422605e-01 6.438666e+04
1.619642e+00 8.026907e+04
3.257362e-01 8.978283e+04
1.493692e+00 6.077023e+04
3.092717e-01 4.659551e+04
1.070266e+00 1.347637e+05
8.788035e-01 3.916605e+04
1.759597e+00 7.111251e+04
4.528314e-01 2.890053e+05
2.250187e-01 3.053330e+04
9.493415e-01 1.025225e+05
5.180128e-01 2.374561e+05
7.112703e-03 1.874693e+05
1.467087e-01 4.226513e+04
3.260366e-01 7.439892e+04
1.996996e-01 1.175421e+05
1.494669e+00 9.299740e+04
8.186887e-01 1.107069e+05
3.426834e-02 2.848878e+04
9.080522e-01 1.780398e+05
1.218067e-01 3.277393e+04
3.477629e-01 7.777318e+04
7.644782e-02 1.408110e+04
5.646463e-01 1.247786e+05
5.608143e-01 3.171088e+04
2.490312e-02 3.663990e+05
9.249237e-01 1.299344e+05
1.114338e+00 2.241477e+04
1.103844e+00 2.735111e+05
2.944562e-01 4.050104e+04
3.985048e-01 4.093909e+04
5.632808e-01 1.279968e+05
1.905137e+00 5.217131e+04
7.422183e-01 1.360697e+05
1.630987e-01 2.343042e+05
3.360536e-01 6.468102e+04
2.584547e-02 1.216685e+05
1.161374e+00 2.550343e+05
2.875088e-02 1.033759e+04
1.669449e+00 1.574349e+04
1.316001e-01 5.836134e+04
1.875080e-01 1.088646e+05
5.813745e-02 2.460362e+04
3.713408e-01 3.224377e+05
3.184817e+00 7.106655e+04
6.400690e-01 3.347031e+05
1.384433e+00 2.473112e+05
3.112188e-02 2.096816e+04
2.652525e-01 9.055366e+03
3.401940e-01 1.607204e+04
1.889762e-01 5.516013e+04
7.000277e-01 9.052120e+04
3.478209e-02 6.647045e+04
1.129299e-01 7.246134e+04
2.577338e-01 1.560662e+04
1.755162e-01 8.435058e+03
5.520778e-05 1.997755e+04
3.598554e-01 9.103480e+03
2.999833e-01 7.349723e+04
6.130607e-01 3.053532e+05
1.606981e-01 4.815213e+04
6.048962e-01 1.013481e+05
2.503778e-01 2.579952e+05
8.768747e-01 3.543545e+03
1.276245e+00 3.926543e+04
3.054235e-02 1.557538e+05
1.718837e-01 1.377677e+05
2.434901e-01 1.813961e+05
2.631061e-01 2.153493e+04
3.189851e-01 9.516652e+04
3.404020e-01 8.462927e+04
1.895021e+00 5.385870e+03
3.899429e-02 4.063560e+05
4.789884e-02 4.267145e+05
1.747602e+00 1.149061e+04
1.198556e-01 2.984348e+05
1.058071e+00 6.483635e+04
5.382130e-01 1.044800e+05
7.949019e-02 3.113092e+04
2.305871e-01 1.167390e+04
1.306290e+00 2.156356e+04
1.098110e+00 2.919806e+04
2.060705e-01 9.166202e+04
9.149711e-02 5.729406e+04
2.436629e-01 8.285899e+04
2.820832e-01 2.372151e+04
2.432189e-01 7.468196e+04
5.309123e-01 9.630802e+04
2.281697e-01 3.537755e+04
2.026553e-01 1.388922e+05
1.929482e-01 2.954877e+04
6.693238e-01 1.112844e+04
9.086312e-01 6.229193e+04
1.260125e+00 2.089897e+04
6.019846e-01 1.360399e+05
6.997991e-01 2.779849e+04
2.934231e-02 3.151188e+05
1.374361e-01 1.005348e+04
1.163984e+00 1.490551e+05
3.793928e-01 6.428205e+04
4.089835e-02 5.079010e+05
3.405133e-01 1.670431e+04
5.681968e-02 9.198459e+04
4.332560e-02 1.867044e+04
1.341941e-01 1.295559e+05
1.998069e-01 4.259984e+04
1.980589e-01 2.293227e+05
1.954796e-01 3.404765e+04
3.467534e-01 4.502267e+04
8.979083e-02 1.837329e+05
5.807405e-01 1.203854e+05
9.478665e-01 1.286568e+05
6.567422e-01 1.565981e+05
2.246364e+00 3.489118e+04
3.737031e-03 1.749463e+04
2.211062e-01 1.664079e+05
3.456968e-01 1.010313e+04
3.233614e-01 2.018640e+04
2.539402e-01 1.146705e+05
3.087013e-01 1.573365e+05
1.424093e-01 2.224310e+04
7.158486e-01 8.042188e+04
9.958217e-01 2.507773e+04
4.225198e-01 1.408935e+05
2.766865e-02 1.886128e+04
5.778556e-02 7.855615e+04
2.984757e-01 8.201328e+04
4.899701e-01 2.434873e+04
1.753859e-01 4.688702e+04
1.031556e+00 1.063509e+05
1.126664e-01 1.975722e+05
2.378002e-01 7.646633e+04
3.308736e-01 9.403324e+04
8.850017e-02 1.651588e+05
8.201102e-01 7.941445e+04
2.173265e-01 2.636551e+04
1.569759e-01 2.357519e+04
2.420585e-01 2.982941e+04
