1.572369e+00 2.142052e+04
7.621503e-01 6.286844e+04
9.792214e-02 5.205686e+04
1.657038e-01 1.518426e+05
1.254410e-01 3.929079e+03
3.138385e-01 2.812403e+03
1.119327e+00 3.017077e+05
4.494239e-02 4.616713e+04
5.316246e-02 1.048199e+04
9.158667e-01 8.431102e+04
6.647055e-01 4.241251e+04
3.437622e-01 5.731735e+04
1.047153e+00 1.075290e+05
3.275857e-02 1.325992e+05
3.475187e-01 3.565239e+04
7.192295e-02 8.648653e+03
7.217859e-01 2.054982e+04
3.340792e-01 4.818751e+05
1.052977e+00 6.459847e+04
9.748899e-01 1.044597e+04
4.899909e-01 1.380044e+04
5.634433e-01 1.088693e+05
5.467240e-03 1.393686e+05
5.105318e-01 8.289969e+04
4.424953e-01 1.112066e+05
4.144839e-01 8.600506e+04
2.800128e-02 1.992431e+05
1.332513e+00 2.292204e+04
2.031709e-01 3.202961e+04
2.635380e-01 1.242131e+05
1.249433e-01 4.924338e+04
2.573304e-01 1.537031e+04
1.673863e-01 4.561732e+04
6.508386e-01 7.585582e+04
4.463805e-02 3.016479e+05
8.818729e-01 1.127229e+05
5.600846e-02 5.262575e+04
1.865771e+00 1.321843e+04
4.657643e-01 2.542232e+05
2.955753e-01 6.093252e+04
4.303717e-01 8.176537e+04
4.917704e-01 6.592273e+04
4.652440e-01 7.345133e+03
3.401990e-01 1.636288e+04
3.000012e-02 3.632707e+04
3.021535e+00 3.614494e+04
9.532938e-01 1.209039e+05
6.172703e-01 4.676790e+04
3.423209e-01 6.121159e+04
8.300810e-01 1.265498e+03
9.571393e-01 3.263639e+04
1.115711e-01 6.430365e+04
8.192205e-01 7.266156e+04
5.491419e-02 1.468559e+05
2.228265e-01 1.659762e+04
3.980607e-01 6.627117e+04
4.139275e-01 2.983000e+04
1.629337e-01 3.749147e+04
2.477828e-01 1.100480e+05
6.923394e-01 1.545520e+04
9.102220e-01 4.982656e+04
7.947280e-01 6.943254e+02
1.425509e+00 1.196336e+05
5.993717e-01 2.382583e+05
7.005868e-02 7.657859e+04
1.250376e+00 2.368878e+05
1.544582e-01 6.996769e+04
1.635114e+00 5.103289e+05
4.354804e-02 1.982245e+05
4.924842e-01 2.707413e+05
9.189061e-01 6.206069e+03
8.423226e-01 4.599147e+04
1.116699e-01 2.273849e+04
1.269943e-01 1.350080e+04
1.964090e-01 2.580117e+04
3.881549e-01 1.049804e+05
2.114612e+00 1.860416e+04
2.079212e-01 1.809893e+05
4.066722e-01 1.744790e+04
1.324920e-01 1.268987e+05
8.677597e-01 2.647241e+04
3.542941e-01 8.467851e+03
6.229950e-01 3.402288e+04
3.411110e-02 2.582032e+04
6.224905e-02 1.794278e+05
1.160521e+00 1.041987e+05
6.347193e-01 1.190693e+05
1.446398e-01 1.568499e+05
1.664927e+00 2.251893e+04
6.178676e-01 2.619300e+04
4.350997e-01 4.160530e+04
8.701378e-02 4.392056e+04
3.849244e-01 2.593124e+04
7.814607e-01 2.429462e+05
1.182082e+00 1.932789e+04
1.845702e-01 9.282093e+04
4.666783e-02 6.744506e+04
1.236715e-01 1.827206e+05
9.458651e-01 2.444245e+05
8.435833e-01 1.280763e+04
1.689035e-01 1.728610e+04
5.203115e-02 1.125981e+04
8.259291e-01 3.726356e+03
1.309796e-02 1.038379e+05
4.481930e-01 7.432170e+04
8.061462e-01 2.180071e+04
2.107427e-01 2.262778e+05
5.131463e-02 1.343866e+04
7.081493e-01 2.691274e+05
1.018012e-01 3.016885e+04
6.116563e-01 2.282391e+04
1.767815e-01 9.082750e+02
3.863526e-01 6.159509e+04
4.704711e-01 2.135457e+04
4.733722e-02 6.397943e+04
4.174585e-02 1.881181e+05
2.401894e-01 4.451238e+03
7.983860e-02 2.925121e+04
7.457049e-02 1.645603e+05
8.002057e-01 1.406929e+04
2.370604e+00 2.159748e+04
6.165531e-01 9.317731e+04
4.746336e-01 6.695170e+04
3.407101e-02 1.845659e+05
4.181236e-01 1.622535e+05
1.017383e-01 7.853516e+04
9.881969e-02 3.787358e+04
3.089825e-01 8.861084e+04
1.068870e+00 2.287506e+04
1.383843e-01 3.673306e+04
1.121423e+00 5.643230e+04
1.276848e-01 5.630944e+04
2.658599e-01 2.697408e+05
1.319725e-01 6.040502e+04
4.349328e-01 6.988381e+01
4.053580e-01 6.462422e+04
9.916404e-02 1.504987e+05
1.398210e-01 6.602659e+04
1.300607e-01 5.804841e+05
1.160719e+00 4.793175e+04
3.149427e-01 3.551964e+04
3.441007e-01 6.499653e+03
1.257022e+00 6.836233e+04
2.451415e-01 4.654202e+04
2.322057e-01 1.275331e+04
1.169967e+00 4.784302e+03
1.500955e-02 5.459118e+04
1.263595e+00 3.388196e+04
4.592594e-01 6.467420e+04
1.864484e-01 5.265402e+04
1.232977e-01 9.726622e+04
8.658695e-01 2.280821e+05
9.481330e-01 1.689387e+05
7.322235e-01 7.358492e+04
5.371924e-01 1.280074e+05
5.868116e-01 4.877545e+04
3.708174e-01 1.485572e+05
7.471914e-01 2.095981e+05
8.179706e-01 7.219728e+04
6.865552e-01 1.249872e+05
6.864768e-01 9.281946e+04
5.118527e-01 6.166755e+04
1.882482e+00 8.215801e+03
4.669431e-02 3.059973e+05
8.304242e-01 3.596649e+04
1.953762e+00 4.078077e+03
4.669001e-01 2.411351e+05
4.955712e-01 3.311058e+04
5.422318e-01 1.595088e+05
3.331888e-01 1.279164e+05
9.082245e-02 8.300958e+04
7.252409e-02 9.913981e+03
6.641208e-02 3.967038e+04
1.240053e-01 1.613737e+05
2.148234e-01 7.224793e+04
2.644024e-01 2.965640e+05
8.835405e-01 9.577201e+04
7.204979e-01 1.106211e+05
5.375875e-01 1.041522e+05
4.162580e-01 2.886815e+03
4.721792e-02 3.153120e+04
6.041583e-01 9.536767e+04
2.668131e-01 7.049605e+04
3.876943e-01 8.210621e+04
5.155097e-01 7.242543e+04
1.178851e-01 4.147720e+05
6.293534e-02 3.757940e+04
4.762929e-01 7.195965e+03
1.606889e+00 3.509392e+03
1.780893e-01 2.350875e+04
2.519365e-01 1.057300e+05
1.307832e+00 1.363265e+05
6.342893e-01 1.314137e+05
7.388212e-01 1.829796e+04
7.928748e-02 1.107557e+05
1.107535e+00 1.722771e+05
1.993697e-02 1.696325e+05
9.289067e-01 3.305704e+05
5.289770e-02 5.019313e+04
2.685557e+00 1.303835e+05
1.803697e-01 5.763118e+04
8.610436e-01 3.932387e+05
1.002516e-01 1.257792e+05
1.453623e-01 1.650778e+05
2.130262e-02 1.091489e+04
4.933635e-01 1.787665e+05
1.293264e+00 1.339403e+04
2.699616e-01 2.231957e+05
8.386795e-01 3.763214e+04
3.337210e-01 6.669816e+04
5.661086e-01 2.590435e+05
8.716263e-02 2.122017e+04
4.172636e-01 1.207861e+05
4.850920e-01 2.801827e+04
1.473156e-01 1.195684e+05
4.707404e-01 7.829351e+04
1.231246e-01 2.292698e+04
1.069500e-01 1.030185e+05
3.714753e-01 4.149899e+04
2.835103e-02 1.978383e+05
8.151203e-02 4.145254e+04
1.137300e+00 2.657770e+03
9.870813e-01 1.088324e+05
3.549513e-02 7.499812e+04
2.841266e-01 8.679935e+04
7.377638e-01 3.306225e+04
2.025540e-01 1.072995e+05
2.466265e-01 1.895757e+05
2.436116e-01 6.628955e+00
8.742722e-02 2.880844e+04
6.823797e-01 5.850759e+04
8.712210e-01 3.495843e+04
3.939479e-01 5.679024e+04
1.084862e+00 1.289409e+05
5.900260e-01 1.146807e+05
9.552527e-01 1.465768e+05
6.766644e-01 9.144906e+03
2.475680e-01 4.391730e+05
7.804781e-01 1.901694e+05
2.288574e-01 8.719701e+04
3.085442e-01 3.175344e+05
1.179310e+00 6.415756e+04
3.687696e-01 2.733839e+05
1.591956e-01 8.650893e+04
1.347880e+00 1.860347e+02
1.090248e+00 2.107385e+04
1.015390e-01 2.714803e+03
6.457818e-01 7.842959e+04
8.391387e-02 1.940002e+04
5.504466e-01 1.674973e+05
6.461612e-02 1.178882e+04
2.721415e-01 2.761104e+05
1.480022e+00 1.162126e+05
1.913852e-01 3.330638e+05
1.564777e-01 2.425260e+05
9.043708e-01 1.318797e+05
3.649557e-01 5.069842e+04
1.540029e-01 1.246681e+05
1.096787e+00 5.853739e+04
8.232842e-01 9.723361e+04
4.335350e-01 7.330960e+04
5.709052e-01 2.129906e+05
7.650961e-02 2.585858e+04
1.276336e-01 1.160978e+05
3.465542e-01 8.541711e+04
7.758720e-01 3.922404e+04
7.911662e-02 4.376749e+04
2.062319e-02 4.558474e+04
9.230927e-01 2.755093e+05
3.249893e-01 5.892210e+04
2.143640e-01 1.250415e+04
3.563884e-01 3.425071e+04
7.344707e-03 1.283743e+04
2.689173e-01 9.599328e+04
1.192149e-01 1.379749e+05
7.928199e-02 1.075114e+05
1.290775e-01 3.968297e+05
7.537003e-02 2.652243e+05
1.639279e-01 6.557943e+03
1.388205e-01 7.541633e+04
5.813481e-01 6.041130e+04
9.614217e-01 4.955143e+04
6.629087e-01 5.395465e+02
1.609265e-01 5.339384e+04
7.724981e-01 1.015475e+05
1.268608e+00 2.016625e+04
1.225055e+00 1.129927e+05
3.354437e-01 7.612519e+04
1.546178e-01 3.283897e+04
4.995049e-01 1.646148e+05
1.204630e+00 1.561122e+05
3.942218e-01 6.488284e+04
5.330711e-01 7.803780e+04
1.192522e-02 2.728984e+04
6.117939e-02 3.799044e+05
3.886426e-01 4.188048e+05
1.107953e+00 1.955704e+02
2.646078e+00 1.529235e+04
6.577763e-01 4.971481e+04
3.173410e-01 5.802417e+02
2.662178e+00 6.964671e+04
4.372867e-01 2.044679e+03
4.108090e-01 7.900869e+04
3.158132e-01 9.730226e+04
6.823486e-01 4.746344e+04
1.263079e-01 2.357225e+05
1.235539e-01 7.546852e+04
2.111971e-01 1.906741e+05
1.443770e+00 2.105145e+05
9.261346e-01 1.245932e+05
4.325859e-01 1.754422e+05
2.491603e-01 9.958195e+04
2.191103e-01 1.718677e+04
1.409605e-01 6.272822e+03
1.105829e+00 9.115526e+04
1.176853e+00 1.028485e+05
5.872671e-02 1.350306e+05
1.258209e-01 1.812748e+04
1.078019e+00 6.164438e+04
3.506126e-01 2.762683e+05
5.792581e-02 8.498712e+03
1.325797e+00 7.910681e+03
1.004371e+00 5.520597e+04
3.008332e-01 7.960443e+04
1.150252e+00 6.606320e+04
4.289679e-01 7.282008e+03
6.564327e-02 1.820224e+04
6.719184e-01 1.084582e+05
9.280538e-01 1.641823e+05
3.271046e-01 1.315692e+04
4.653996e-01 5.952293e+04
4.526370e-01 2.236014e+04
8.641814e-01 3.052569e+05
1.760877e-01 1.040360e+05
5.540240e-02 1.040826e+04
8.449047e-02 7.855853e+04
2.299561e-01 4.165251e+02
1.519622e-03 2.605824e+05
1.689556e-02 2.299071e+04
8.225736e-02 1.077613e+04
1.054392e-01 1.623998e+05
8.267870e-01 2.175409e+05
2.518172e-01 1.113554e+05
5.598040e-02 4.808018e+04
1.784100e+00 4.354909e+04
1.450748e-02 1.318786e+04
6.107194e-01 2.651978e+05
1.594536e+00 2.647409e+03
9.165469e-02 4.235172e+04
5.702641e-02 4.859362e+04
6.156483e-01 2.702359e+05
9.144830e-01 1.715087e+05
8.333905e-01 9.678744e+04
2.199128e-01 1.446037e+04
5.229257e-02 4.661583e+04
2.297900e-01 1.592655e+05
9.880211e-01 2.004366e+04
2.326626e-01 3.277410e+05
3.792937e-01 3.896982e+03
6.493101e-01 1.136781e+04
9.162116e-01 2.017717e+05
1.960431e+00 1.363809e+05
4.373827e-01 7.430619e+03
3.434352e-02 3.071625e+04
9.054087e-01 8.212795e+04
8.017430e-01 7.774435e+04
5.722151e-02 1.205619e+05
1.018167e+00 3.008679e+05
1.309182e+00 6.151516e+04
2.093764e-01 1.422802e+05
1.291295e-01 1.246266e+05
1.653582e-01 4.175940e+04
3.885052e-01 6.133347e+04
1.089091e+00 5.598794e+04
3.280302e-02 1.277212e+05
1.353289e+00 2.088264e+05
7.712438e-01 2.542650e+05
6.030513e-01 2.147887e+04
8.645027e-02 4.388393e+05
1.286429e+00 3.252690e+04
1.268595e+00 6.587840e+04
1.542317e-02 2.780564e+05
1.656949e-01 6.651518e+04
6.482315e-01 8.338101e+04
4.435748e-03 5.053915e+04
4.337548e-01 1.528190e+05
5.019629e-02 5.135310e+04
3.517084e-01 1.447252e+04
3.576195e-01 3.072289e+04
7.345933e-01 1.325595e+05
1.056037e+00 5.025324e+03
2.299294e+00 1.186158e+05
1.206106e+00 1.032207e+05
4.954519e-01 3.918928e+04
1.105221e+00 5.725385e+04
4.902534e-01 1.704961e+05
2.765736e-01 8.419965e+04
1.245711e+00 4.237146e+04
1.184118e-01 3.655055e+04
8.251761e-01 1.526632e+05
8.927560e-02 1.600248e+05
4.754226e-01 1.048437e+05
6.602291e-02 6.536751e+04
7.978710e-01 2.186395e+04
3.219934e-01 2.334062e+04
1.059059e-02 1.456696e+05
4.646597e-01 1.108515e+05
1.441776e-01 1.244844e+04
4.612585e-02 3.723765e+04
6.103602e-01 1.383579e+04
4.280449e-01 9.090109e+04
2.855126e-01 3.722180e+04
5.316097e-01 1.454385e+05
2.276684e-01 2.256071e+04
8.609410e-01 2.652523e+05
6.052966e-01 7.274584e+03
1.345825e-01 6.861610e+04
7.508177e-01 6.347800e+04
3.982288e-01 6.960215e+04
6.013673e-01 7.168215e+04
3.268961e-02 1.439608e+05
7.143871e-01 3.830352e+04
8.613597e-02 2.175689e+05
1.189550e+00 3.105769e+05
9.065615e-02 1.616294e+04
1.616486e-01 5.014998e+04
1.338446e+00 3.146898e+05
1.080640e-01 8.464208e+03
1.608953e-01 5.716146e+04
5.054422e-02 1.178387e+05
2.117565e-01 4.765409e+04
2.572104e-01 1.786676e+05
5.041875e-01 6.042677e+04
3.660676e-01 1.102982e+05
3.937533e-01 1.171048e+04
2.730126e+00 6.637426e+04
2.634748e-01 1.636452e+05
4.482989e-01 1.195073e+05
6.118396e-01 1.956571e+04
5.463710e-02 4.842325e+04
1.940862e-01 1.131042e+04
2.533141e-01 1.670518e+05
1.373593e-01 3.394616e+04
1.805850e-01 1.445151e+05
1.102683e+00 2.195174e+05
7.360646e-02 1.768247e+04
7.639792e-01 1.957399e+05
3.750952e-01 1.293422e+05
3.607060e-01 1.004952e+05
1.389181e-01 1.400639e+05
2.601203e-01 7.527455e+03
9.872452e-02 2.491703e+05
1.495894e-01 2.731288e+05
1.497828e-02 7.691120e+04
2.102776e-01 7.517398e+03
2.564601e-01 2.153552e+05
3.610482e-01 1.361823e+05
3.042005e-01 1.282612e+05
7.097704e-01 1.503609e+04
2.545972e-01 6.745226e+04
3.597838e-01 5.124026e+04
5.724401e-01 4.023727e+04
8.370799e-03 9.800852e+04
1.077755e+00 2.434267e+03
1.600408e-01 1.003390e+05
9.282836e-02 4.095206e+03
5.354139e-01 3.319176e+03
1.914851e+00 2.838437e+04
1.732299e+00 2.642580e+05
9.505870e-01 1.798651e+04
1.366656e+00 2.929827e+05
6.284320e-02 3.465295e+04
9.289160e-01 1.607975e+05
3.060913e-01 3.764298e+05
5.759951e-01 7.710632e+04
8.302570e-02 1.739860e+05
2.678745e-01 9.790674e+04
8.520946e-01 1.741443e+05
2.781002e-02 1.360738e+05
8.211795e-01 9.819216e+03
1.577299e+00 4.075653e+04
1.132659e-01 1.428988e+05
6.319260e-03 9.472438e+04
1.624247e-01 1.260209e+05
2.931382e-02 3.389964e+04
1.473773e-01 1.957421e+05
7.688899e-01 1.266116e+05
2.507441e-01 1.771647e+04
4.977542e-01 5.781285e+04
1.734460e+00 4.594643e+05
3.886199e-01 7.304622e+04
2.677181e-01 6.654307e+03
1.138237e-02 2.782417e+05
1.761562e-02 3.444954e+04
1.795364e-02 2.042979e+04
7.141546e-01 2.046198e+04
1.074454e-01 1.908822e+04
2.440329e-01 1.149477e+05
2.650395e-01 1.436101e+05
2.863516e-01 9.714573e+04
1.880789e-01 1.337344e+05
8.659982e-01 3.664347e+04
3.253862e-02 2.028696e+04
3.163234e-01 1.091488e+04
2.169401e-01 1.394805e+04
3.627824e-01 1.175627e+05
3.754062e-02 5.507126e+04
9.551176e-01 1.284862e+05
4.002320e-01 5.880723e+04
2.627083e-01 1.052134e+05
3.355455e-02 6.050300e+04
8.870889e-01 8.173826e+05
6.102154e-01 1.025773e+05
2.738177e-01 2.048242e+04
5.782093e-02 3.895692e+04
1.907466e-02 9.726950e+04
1.843369e-01 2.370425e+04
1.308477e-01 8.328531e+04
1.361475e+00 1.340137e+04
1.782870e-01 2.332895e+05
1.777757e+00 5.563180e+04
1.561750e+00 1.584484e+05
4.649816e-01 1.737106e+04
6.220477e-01 5.634687e+03
8.240406e-02 4.740299e+04
6.476383e-01 1.740109e+05
1.214771e+00 1.316165e+05
1.333397e+00 9.859954e+04
3.188306e-01 5.689830e+04
2.671211e-02 1.484298e+04
2.100217e-01 5.138047e+05
5.701677e-01 9.779354e+03
4.050721e-01 3.345379e+05
8.974839e-01 1.389495e+03
8.810890e-01 7.513968e+02
5.591230e-01 1.331261e+05
1.413911e-01 5.046809e+04
2.155923e-01 2.656787e+05
2.883132e-01 2.265645e+05
4.130541e-02 3.334980e+04
9.636834e-01 1.509288e+04
9.109033e-02 5.592919e+04
8.128143e-02 6.707634e+05
9.067111e-01 6.316494e+04
1.100242e-01 6.829664e+04
1.804479e-01 4.115701e+05
1.178612e-01 1.628901e+05
4.254096e-01 1.166042e+05
1.638248e+00 3.875718e+05
3.558441e-01 1.973776e+05
1.969848e-01 2.268915e+04
7.208902e-02 1.476029e+04
7.367550e-01 2.745618e+04
1.597604e-01 4.058279e+04
9.330527e-01 8.124151e+04
1.314170e-02 1.416027e+05
4.553534e-01 2.322317e+03
1.060054e-01 2.237367e+04
1.937102e-01 1.382971e+05
1.125824e+00 2.036809e+05
1.849905e+00 6.428398e+03
8.880474e-03 3.540530e+04
7.463724e-01 7.906012e+04
5.397267e-01 1.920801e+04
3.623911e-01 1.554658e+05
6.846768e-01 8.814478e+04
7.524019e-01 1.951611e+05
2.890858e-01 1.682956e+05
8.449976e-01 1.531107e+04
8.222559e-01 5.393371e+04
5.925426e-01 9.817375e+04
1.397519e-01 6.464594e+04
2.042858e-01 9.684585e+03
4.205371e-01 1.461903e+05
1.988069e-02 9.061479e+04
1.227377e-01 2.099202e+05
1.113488e+00 1.324958e+05
1.034902e+00 1.445793e+04
1.837090e+00 2.729843e+03
3.768570e-01 6.614700e+04
2.670546e-01 1.499948e+04
2.400504e-01 1.645040e+05
1.158549e-02 1.540267e+05
6.130576e-02 4.606118e+05
