4.147137e-01 3.706240e+05
3.562062e-01 2.368964e+05
4.356395e-01 1.020540e+05
3.975683e-01 8.621922e+04
2.868836e-01 9.233348e+03
2.162785e-01 1.009926e+05
1.201525e-01 1.647577e+05
7.537491e-02 1.657203e+05
3.957918e-03 1.463874e+04
1.039632e+00 2.697756e+05
5.492430e-01 8.788335e+04
1.194599e+00 1.952793e+05
1.862686e-01 3.062888e+05
1.139201e+00 3.978206e+04
7.884336e-01 2.081307e+05
1.306256e+00 2.086988e+05
5.917585e-02 8.126881e+04
2.286670e-01 1.396773e+05
1.511662e-01 9.013062e+04
7.014758e-01 6.537467e+04
3.267236e-01 2.344769e+05
1.220522e-01 2.609575e+05
2.024645e-01 1.137982e+05
3.583604e-02 1.906069e+05
6.962760e-01 7.815500e+03
3.784821e-01 2.916167e+04
7.759024e-01 2.262018e+04
2.163852e+00 2.782058e+05
3.834409e-01 1.791654e+05
5.297152e-01 1.552090e+04
8.015522e-02 1.984389e+04
3.636377e-01 8.301625e+04
2.161026e-01 2.850857e+04
2.328174e+00 1.870650e+05
1.211496e+00 1.197680e+05
5.207980e-02 5.138017e+04
1.208719e-01 1.290144e+05
3.008317e-01 1.211946e+05
1.466927e+00 3.343799e+03
2.022205e+00 1.840623e+05
2.414223e-01 8.992033e+04
2.666727e-02 2.326883e+05
5.508479e-01 4.258830e+01
3.942991e-01 4.089042e+03
4.646476e-01 1.418316e+05
6.340964e-01 1.999065e+04
1.099256e+00 5.142651e+04
9.680002e-01 2.047621e+05
6.399704e-01 4.299632e+04
3.717938e-01 5.301775e+05
1.374951e-01 1.858645e+05
1.012617e+00 9.927891e+04
8.602000e-02 3.991174e+04
7.309637e-01 2.937025e+04
7.358852e-01 1.340039e+05
7.582777e-01 3.743272e+04
1.540366e+00 2.219577e+04
6.975407e-01 2.003945e+05
9.798513e-02 1.238687e+05
1.435388e+00 5.189582e+04
6.185062e-01 3.491421e+04
4.740128e-01 2.193088e+05
3.101114e-01 1.144653e+04
4.331826e-02 9.425022e+04
1.839308e-01 1.107067e+05
4.448867e-01 2.323103e+05
3.595386e-01 3.929760e+04
1.450428e+00 1.204110e+04
4.074050e-01 8.164660e+04
1.284232e-01 1.266061e+05
1.051147e+00 2.669700e+04
3.632741e-01 6.644975e+03
3.667755e-01 7.333320e+04
2.945943e-01 3.029710e+05
1.985398e-02 8.312957e+03
1.983306e-01 2.189087e+05
1.864322e-01 8.310348e+04
8.484255e-02 1.383331e+05
5.678210e-01 3.461023e+04
2.374256e+00 7.227157e+04
3.348321e-01 1.796464e+05
1.998047e-01 3.178320e+04
9.392315e-03 4.968723e+04
1.839325e+00 1.366940e+03
9.644436e-01 2.872755e+04
4.909384e-01 1.319399e+05
2.315174e-02 1.408346e+05
8.841488e-02 8.782486e+04
9.641790e-02 1.087281e+05
1.210681e-01 4.731250e+04
1.076449e+00 1.252849e+05
1.002619e+00 3.685978e+04
2.044019e-01 1.041235e+05
2.928944e-02 3.552585e+05
5.380491e-01 3.475790e+05
4.382418e-01 2.238232e+05
1.092751e-01 9.260046e+04
1.172721e-01 2.157414e+04
1.477192e-01 1.066752e+05
4.659944e-01 1.024262e+05
1.256166e-01 8.427775e+04
1.621137e-01 5.980371e+04
1.599053e-02 2.057624e+05
1.052146e-02 1.451194e+05
1.165894e-01 7.494485e+04
2.434153e-02 2.473064e+04
5.849720e-01 2.106112e+04
5.243692e-01 9.271950e+04
1.779667e+00 1.891947e+04
2.972142e-02 1.158417e+05
2.616741e-01 1.659228e+05
1.950565e-02 1.907430e+05
1.107938e+00 4.349599e+04
6.423705e-01 8.388025e+04
2.782121e-01 4.056667e+04
3.593844e-01 1.308797e+05
1.226905e+00 6.547924e+04
6.500564e-02 6.611587e+03
1.868200e-02 2.112395e+04
1.001135e+00 2.244514e+05
7.833507e-01 2.945152e+04
9.421795e-01 1.632706e+05
3.441875e-01 1.472003e+05
1.989581e+00 1.928933e+05
3.039804e-01 1.961684e+05
1.509013e-01 1.935881e+04
4.818547e-01 7.051355e+04
1.043910e-01 1.199024e+05
1.070000e-01 5.931110e+04
5.433969e-01 1.334407e+05
1.535006e+00 2.779847e+05
1.155267e-01 1.075845e+05
6.163056e-01 6.821497e+04
3.447287e-01 5.151249e+04
4.697913e-01 4.661355e+04
8.230135e-01 1.305067e+04
1.049310e+00 5.765821e+04
2.635617e+00 6.203178e+04
7.121748e-01 2.088336e+04
8.259256e-01 1.595535e+05
1.768002e+00 6.430807e+04
2.678261e-01 2.807441e+05
6.582632e-01 5.925796e+03
7.589571e-01 7.335542e+03
1.167654e+00 6.379718e+04
1.276636e-01 1.518802e+04
2.507469e-01 1.133017e+04
2.046285e-02 4.687251e+04
5.655149e-01 5.639581e+04
6.704777e-01 7.251997e+04
4.110826e-01 2.129229e+05
1.127456e+00 7.004349e+04
1.499056e+00 1.595404e+05
2.680622e-01 5.957536e+04
1.390940e+00 1.384555e+05
5.114754e-01 1.648883e+04
1.741165e-01 4.451380e+04
9.565973e-01 4.167672e+04
2.638503e-01 3.200632e+04
2.336499e-01 7.676120e+04
8.779598e-01 1.650854e+04
3.396745e-02 2.608621e+03
9.666768e-01 1.304790e+05
9.640388e-01 2.741099e+04
6.597725e-01 2.008491e+04
4.035088e-01 2.112172e+05
1.114664e+00 6.792679e+03
2.022445e-01 3.412663e+05
1.807732e-01 2.650110e+05
4.968505e-01 9.386237e+04
3.863103e-01 5.757058e+04
1.687532e-01 6.307129e+03
3.535792e-01 2.373932e+04
1.612680e+00 1.389922e+05
3.805818e-01 2.639919e+05
4.596199e-02 1.625745e+05
6.223839e-02 4.716211e+03
4.555027e-01 8.698729e+04
3.846975e-01 3.849128e+04
2.443699e+00 1.280408e+05
3.172757e-01 2.026390e+05
3.415123e-01 5.331520e+04
1.655931e-01 4.141513e+03
2.064806e-01 4.977753e+05
7.246020e-01 6.468723e+04
5.266162e-01 3.530687e+04
3.539386e-01 4.490022e+04
1.279073e+00 5.428455e+04
3.566505e-01 1.057993e+05
3.056142e-01 1.225733e+05
4.069891e-01 4.044742e+04
2.251533e-01 8.314811e+04
1.773715e-01 4.000209e+04
1.514986e-02 1.249022e+05
1.880113e-01 4.441129e+04
1.272020e-01 7.413446e+04
1.328660e+00 1.304269e+05
5.897766e-01 3.909032e+05
5.863962e-01 1.738948e+05
4.778939e-02 4.529339e+04
2.315717e-01 2.173004e+05
8.650652e-02 1.642218e+05
1.187880e+00 2.068924e+05
4.539595e-02 1.443733e+05
1.513629e+00 4.747944e+04
5.600516e-02 1.854689e+05
6.259260e-01 1.267729e+04
1.500343e+00 3.520019e+04
3.122136e-01 1.298064e+05
6.466289e-02 4.128362e+04
3.076825e-01 5.123572e+05
9.325537e-01 1.878943e+05
2.900727e-01 7.285167e+04
1.723852e-01 7.040614e+04
2.967282e-01 1.132795e+04
6.871246e-01 6.534707e+04
1.120454e+00 4.012239e+04
9.733264e-01 3.214230e+05
5.587069e-01 3.601707e+03
3.658544e-02 5.299766e+03
5.225249e-01 8.836388e+04
1.399076e-01 4.149174e+03
2.947405e-01 2.803006e+04
1.092229e-01 4.513456e+05
1.721078e+00 4.778554e+04
3.472436e-02 1.401242e+05
2.077766e-01 3.131002e+04
3.141505e-01 2.523010e+05
2.776409e-01 4.714710e+04
6.985797e-01 1.307192e+05
2.287676e-01 3.603359e+04
5.907712e-01 1.005348e+05
5.433692e-01 3.508718e+04
1.558804e-01 1.016960e+05
4.037356e-01 3.225797e+05
7.329247e-01 5.892185e+03
1.400938e-03 2.284562e+02
6.220561e-01 9.541491e+04
9.104166e-02 1.210290e+04
1.945014e+00 2.142612e+04
7.728999e-01 9.591282e+04
2.263236e-02 1.658269e+05
3.945130e-01 5.338128e+04
1.302616e-01 1.668944e+05
1.915182e-01 1.306917e+05
1.079250e+00 2.851221e+04
4.833287e-01 2.659089e+05
2.014692e-01 3.364738e+04
6.393643e-02 6.826261e+04
4.809975e-01 2.319150e+04
3.928874e-01 5.594449e+04
5.668225e-01 6.511446e+04
4.136179e-01 2.821953e+05
8.163439e-02 5.024872e+04
7.081193e-01 1.805214e+04
5.944334e-02 3.416331e+04
3.964935e-02 3.661494e+03
3.178857e-01 1.442774e+05
4.194271e-01 9.266119e+04
2.835446e-01 7.179842e+04
1.764348e-01 2.527659e+04
2.584385e-01 1.318713e+05
3.026351e-01 3.349789e+04
5.775045e-01 4.651287e+04
2.365234e+00 2.042358e+05
1.254972e+00 2.022500e+04
5.196137e-01 1.564873e+05
2.928323e-01 4.175475e+04
2.297544e+00 2.253977e+05
1.193761e+00 1.403522e+05
1.081465e-01 9.257128e+04
5.266537e-01 2.131051e+05
4.684696e-01 6.343515e+04
2.519235e-01 8.722718e+04
4.096644e-01 9.452934e+04
8.710676e-02 4.112720e+04
5.686574e-01 8.443961e+04
1.125949e-01 7.679960e+04
8.672266e-01 7.282339e+04
8.209101e-01 9.610061e+04
1.202463e+00 2.300726e+05
8.450404e-02 1.726924e+05
2.607845e-01 6.217875e+03
1.672539e+00 2.791967e+04
9.551501e-01 1.394166e+05
7.418346e-01 9.733028e+04
3.781552e-01 1.058498e+05
3.372972e-01 1.013193e+04
5.265658e-02 4.768730e+04
1.429585e-01 5.231635e+04
3.742034e-01 1.371341e+05
5.198544e-01 1.314481e+05
1.202535e-01 7.037646e+03
8.660217e-01 5.427552e+04
1.272677e-01 1.059362e+05
3.328806e-01 9.380935e+04
1.537168e-02 6.742416e+04
4.727285e-01 4.669626e+04
5.865604e-01 3.041315e+04
1.463649e-01 1.854583e+05
3.129247e+00 6.097109e+04
1.102068e-01 5.219236e+04
7.224622e-01 5.065493e+04
3.084084e-01 1.147451e+05
6.806407e-01 1.140354e+05
3.385468e-01 1.169621e+05
4.884493e-01 2.227361e+05
4.558535e-01 1.393541e+05
8.707934e-02 2.448791e+05
1.854842e-01 7.959586e+04
4.020586e-01 5.951670e+04
8.311066e-01 1.776118e+04
3.173556e-01 7.963222e+04
2.843529e-01 1.779531e+05
3.815106e-02 5.312754e+04
1.351644e+00 1.246311e+04
1.587325e+00 7.686537e+04
1.244477e-01 1.761928e+05
6.355731e-01 2.000718e+04
9.153236e-01 3.546005e+04
8.772345e-02 2.546970e+04
1.494300e+00 9.257766e+03
4.185277e-01 1.703624e+05
7.711646e-01 3.373361e+04
2.115407e-01 3.132503e+04
5.879772e-02 5.059528e+05
2.127214e-02 6.817484e+04
2.170271e-01 6.130131e+04
4.382222e-01 2.080102e+05
6.253222e-01 3.842179e+04
1.076637e+00 5.341557e+04
6.185162e-02 1.611723e+05
1.873303e-01 5.314811e+04
1.473505e-01 1.536401e+05
1.148603e+00 1.084033e+05
6.389572e-01 1.351697e+04
1.202111e+00 3.407705e+04
2.075927e-01 8.265835e+04
2.026682e+00 2.786858e+05
4.054754e-01 8.024709e+04
6.720170e-01 9.293391e+04
9.108701e-02 3.010501e+05
1.509904e-02 3.285711e+04
1.599873e-01 7.093645e+04
3.253279e-01 4.489123e+05
1.385950e+00 1.694863e+04
8.988086e-01 1.133386e+05
1.006013e+00 3.148553e+05
4.467802e-02 8.295978e+04
4.826543e-01 2.285433e+04
6.223173e-01 2.831967e+05
3.025777e-01 4.301322e+04
2.787010e-01 5.450967e+05
9.784458e-01 4.737586e+04
4.470219e-01 7.685593e+04
6.808819e-01 3.518251e+04
1.777474e+00 3.276232e+03
8.540811e-01 7.366728e+03
2.056454e+00 6.295909e+04
2.151832e-01 1.839142e+05
1.205056e-01 4.797855e+04
2.311708e-01 1.763989e+05
2.328615e-02 4.659413e+04
3.634113e-01 1.248051e+05
2.976337e-01 6.662084e+04
5.123673e-01 1.071669e+05
2.525907e+00 1.518994e+05
1.135594e-02 3.472406e+04
1.687314e-01 1.041664e+05
3.756568e-01 2.139487e+04
2.567698e+00 1.449669e+05
7.809940e-01 3.594861e+04
7.163580e-01 1.072974e+05
1.376267e+00 1.521595e+04
2.805717e-03 1.044544e+05
1.118707e-01 5.460630e+04
1.005987e-01 4.457471e+03
4.708511e-01 4.676284e+04
8.638995e-02 1.864511e+05
9.063109e-01 3.276632e+05
1.577587e+00 2.372998e+04
3.913104e-01 5.588146e+04
2.008379e-01 7.520768e+05
9.933467e-01 1.362876e+05
2.045898e-01 1.757235e+05
1.343290e-02 4.571923e+04
1.032646e+00 3.928664e+04
3.108015e-01 9.726728e+04
1.476594e+00 8.614694e+04
3.066623e-01 4.029059e+03
1.511012e-01 6.605753e+04
2.903819e-01 1.405804e+05
1.593106e-01 6.760760e+04
1.322719e-01 6.890559e+03
9.027047e-01 2.103115e+04
1.411203e+00 1.158707e+03
3.690894e-02 4.705110e+04
6.181428e-01 3.022146e+03
1.311655e+00 1.266803e+05
5.024771e-02 1.406520e+05
6.060093e-01 1.856388e+04
2.697771e-01 3.872680e+04
2.363204e-01 8.400395e+03
5.371247e-01 3.729995e+04
6.176982e-01 1.068168e+05
1.415809e+00 5.783579e+04
5.284720e-01 1.385069e+05
3.298343e-01 8.383631e+03
1.219208e+00 5.160493e+04
5.707208e-02 1.765679e+05
2.726038e-01 3.580243e+04
9.685117e-01 1.665506e+05
3.528064e-01 2.299972e+04
1.865029e-02 4.767538e+04
1.037900e+00 3.426060e+04
6.275255e-01 1.393521e+05
4.613055e-01 2.834811e+05
1.502451e+00 7.358162e+04
2.520182e+00 2.873394e+04
3.933299e-01 3.422353e+05
2.027171e-01 9.447434e+03
6.562633e-02 1.724674e+05
8.341958e-01 1.041264e+05
1.693587e+00 8.869325e+04
1.834437e-01 4.778116e+04
2.725976e-01 1.757685e+04
2.797549e-01 1.159474e+05
3.889523e-01 1.049579e+03
4.635752e-01 1.093729e+05
7.734933e-02 3.897764e+05
8.639765e-02 6.709622e+03
4.317865e-01 2.716153e+05
2.810543e-01 1.880514e+05
2.299062e+00 8.867314e+04
6.032323e-01 7.487102e+04
1.967232e-02 5.035056e+04
2.843416e-01 1.588021e+04
1.578416e-01 1.549253e+04
6.708707e-02 3.974240e+05
5.505693e-02 9.714218e+04
3.315135e-01 8.291380e+04
4.618215e-01 6.307851e+03
1.097703e-01 4.559105e+04
8.047108e-01 2.255436e+04
5.834518e-01 5.348856e+04
4.508396e-01 6.937211e+04
1.194912e-01 1.896627e+05
7.597664e-01 9.900062e+04
4.433033e-01 2.346222e+04
1.504682e-02 4.560830e+04
1.590791e+00 1.897217e+05
4.076012e-01 1.766159e+05
3.820015e-01 3.945615e+03
3.415039e-01 2.800927e+05
2.097827e+00 2.803147e+05
4.292560e-01 4.104067e+05
9.378347e-01 2.052436e+05
6.835337e-02 4.238242e+04
3.326518e-02 2.166030e+04
1.612342e+00 4.643332e+04
1.960285e-01 2.330910e+05
4.535913e-01 6.100962e+03
8.613039e-01 3.561860e+05
1.102374e-04 1.515826e+05
5.329299e-01 9.097548e+03
4.986808e-01 7.300830e+04
3.303148e-01 4.214464e+05
8.784183e-02 6.680043e+04
3.409687e-02 1.870523e+05
2.907525e-02 3.324526e+05
2.509853e-01 2.209700e+04
1.770843e+00 1.392127e+02
1.126292e+00 1.286092e+05
6.158459e-01 1.059254e+04
3.739469e-01 7.016553e+03
1.701747e+00 1.379905e+05
7.932409e-01 7.778717e+04
2.366524e-01 1.929377e+05
4.544334e-01 4.793442e+03
8.310901e-01 1.914664e+05
4.845016e-02 6.722630e+04
1.802475e-01 2.845214e+04
2.409732e-01 3.063734e+04
1.947051e-01 6.805763e+03
2.648792e-02 3.029022e+05
1.890765e-01 2.634306e+05
6.409009e-02 1.138449e+05
5.203936e-01 3.914150e+04
1.853956e+00 3.193512e+04
6.948896e-01 1.014837e+05
3.060740e-01 7.741774e+04
6.593008e-02 4.869174e+04
1.468665e-01 2.672766e+04
6.684059e-01 2.521100e+05
5.523372e-02 6.701155e+04
3.686172e-01 3.909887e+03
3.970022e-02 1.472631e+05
7.744340e-01 4.302517e+03
5.937466e-01 9.813486e+04
8.872010e-01 5.368998e+04
2.441813e-01 6.300890e+04
9.860825e-01 1.757113e+05
2.720387e-01 1.395398e+04
1.499702e+00 5.725884e+04
1.020553e+00 3.328439e+04
7.065415e-01 2.998887e+05
6.265728e-01 4.581696e+04
5.271749e-02 6.398733e+04
3.370280e-01 4.145802e+03
7.782886e-01 4.896494e+04
2.608254e-01 1.036664e+05
5.045722e-01 3.453173e+04
2.140044e-01 3.396432e+05
2.826963e-01 3.806600e+05
4.738004e-01 1.291619e+05
1.462402e+00 2.792861e+04
1.815330e-01 3.737201e+04
5.139270e-01 3.797166e+04
4.989992e-01 7.026403e+04
2.185049e-01 3.514957e+05
1.427103e-01 1.436641e+05
8.245999e-01 6.994629e+04
7.876286e-01 5.594850e+04
4.706870e-02 1.597312e+05
