7.801997e-02 1.542205e+05
5.268759e-01 2.480209e+04
1.379009e-02 4.594600e+05
3.495415e-01 4.640516e+04
3.832027e-02 2.866702e+05
3.019895e-02 1.613681e+05
1.858908e-01 5.262157e+04
1.130465e-01 5.853788e+04
9.709317e-01 1.566815e+02
1.106274e+00 2.495002e+04
1.034120e-01 6.943497e+04
1.994657e-02 6.125813e+04
1.531418e+00 1.008966e+04
2.341384e-01 1.049971e+05
1.831616e-01 2.412434e+03
1.173497e-01 1.264092e+05
3.307246e-01 2.727770e+04
1.059399e+00 5.364439e+03
1.021712e+00 3.389044e+05
6.114576e-02 7.926454e+04
1.160649e+00 4.728840e+04
4.121229e-01 5.543160e+03
1.187304e-01 3.581608e+03
8.381809e-02 8.873991e+04
7.724633e-01 8.562402e+04
1.497172e-01 5.428365e+04
2.063375e-01 2.066067e+05
4.358288e-01 3.838017e+04
3.515913e-02 1.167879e+04
1.315597e-01 9.684078e+03
2.312111e-01 2.491031e+05
1.119587e-01 6.729108e+04
1.213319e+00 2.303230e+04
4.372671e-01 1.196903e+05
3.042060e-01 9.890258e+04
1.150502e+00 1.697884e+05
2.183153e-01 1.379050e+05
7.991154e-02 1.164632e+05
6.657922e-02 6.881000e+04
2.131110e-01 1.803095e+05
3.489058e-01 2.892707e+04
6.592139e-02 2.659154e+05
2.033778e-01 2.615153e+04
2.860813e-01 5.137716e+05
7.980117e-01 3.773001e+03
2.821633e-01 6.636597e+04
1.132139e-01 1.493085e+05
3.441076e-02 3.557588e+04
1.127034e+00 2.234916e+04
1.642964e+00 2.314389e+05
1.481940e+00 5.427269e+04
9.386308e-02 3.573534e+05
2.000086e-01 1.696111e+05
3.888071e-01 2.060398e+05
5.631480e-01 3.405705e+05
7.853165e-02 6.853294e+04
4.091902e-02 2.249054e+04
1.456514e-01 1.319201e+04
2.674923e-01 9.042394e+04
5.629266e-01 7.813055e+04
4.921890e-01 6.564138e+03
8.238296e-01 2.233839e+04
3.951070e-01 4.182517e+04
1.136809e-01 1.778603e+05
5.338368e-01 5.625456e+04
7.007824e-01 1.743335e+05
7.554532e-01 1.537400e+05
1.175653e+00 9.195355e+04
7.384758e-02 1.882618e+04
6.122257e-02 1.165438e+05
4.874748e-01 7.833197e+04
8.024348e-01 3.669848e+04
7.725688e-02 4.531302e+04
3.402149e-01 4.560532e+05
4.075150e-02 4.961069e+04
8.090027e-01 2.695508e+05
1.353537e+00 1.151615e+03
2.885723e-01 5.198109e+04
4.469530e-01 3.268813e+04
8.794622e-01 2.196334e+04
4.421888e-02 7.638791e+04
6.018496e-01 1.161713e+05
4.647827e-01 1.343198e+05
8.076394e-02 1.212241e+05
8.215286e-01 7.523396e+04
4.086229e-01 1.302981e+05
2.289880e-01 2.531718e+05
1.629867e+00 9.155978e+03
8.674178e-02 3.804939e+04
6.466382e-01 2.117859e+04
1.984424e-01 1.303447e+05
7.541687e-01 3.266288e+04
1.430886e+00 1.724292e+04
2.758374e-01 2.096770e+05
1.043122e-01 6.417901e+03
2.866476e-01 3.982669e+04
1.826163e+00 1.584339e+04
1.782253e-01 1.826602e+03
2.110489e-02 4.510864e+04
1.743496e-02 3.019114e+04
9.494837e-01 4.801701e+05
3.235798e-02 1.163528e+05
2.290676e-01 1.412416e+04
3.694871e-01 2.127015e+05
3.857124e-02 8.650211e+03
8.380103e-01 6.192110e+03
1.280167e+00 1.220226e+05
1.532660e-01 2.078237e+04
1.940777e-01 6.022851e+04
7.671269e-01 1.986979e+05
9.758884e-02 1.179186e+05
1.271257e+00 3.501849e+04
1.068007e+00 1.791245e+05
1.713050e+00 2.395373e+04
1.782096e-01 9.093323e+03
3.118172e-01 5.056870e+04
6.844083e-03 9.878748e+03
2.855311e-02 1.377040e+05
8.419486e-01 5.643285e+04
1.107699e+00 2.743753e+04
6.802128e-01 5.507236e+04
1.218487e-01 1.614119e+05
4.836037e-01 1.053649e+02
2.311772e-01 4.244482e+05
1.292432e-01 5.782556e+04
7.001758e-01 4.046289e+03
1.931954e-01 2.215291e+05
6.387154e-01 7.466665e+03
4.194752e-01 2.355012e+04
6.626801e-01 1.428170e+05
4.458215e-01 1.788610e+05
2.685186e-01 6.728885e+04
6.857452e-01 8.897801e+04
8.172435e-01 5.095466e+04
9.264742e-01 2.100279e+02
8.700937e-01 2.827453e+04
1.003302e+00 8.117671e+04
2.566903e-01 1.461916e+04
7.913220e-02 2.163717e+05
1.107255e-02 7.428054e+04
1.000298e-01 3.577334e+04
7.928325e-01 2.086299e+05
4.998952e-01 2.721716e+05
2.905269e-01 7.513630e+04
1.120288e+00 6.470613e+04
2.282713e-01 6.196024e+04
2.191260e-02 6.484625e+04
9.495307e-01 3.736424e+03
5.494404e-02 1.467339e+05
5.280178e-01 1.929041e+04
1.107302e+00 2.209074e+05
3.922316e-01 8.102798e+03
1.081937e+00 6.821781e+04
2.868434e+00 7.180193e+04
5.670194e-01 2.710866e+05
2.798114e-01 1.708640e+05
3.720292e-01 5.402905e+04
3.475940e-01 1.305979e+05
8.663637e-01 6.950788e+03
4.238684e-01 3.043033e+04
3.250249e-01 7.856402e+04
8.555562e-02 3.260727e+04
8.956117e-01 1.439214e+04
1.637204e-01 1.909891e+05
9.215634e-01 9.353327e+04
7.315829e-01 3.321248e+05
1.678993e-01 3.107723e+04
1.624383e+00 1.128095e+05
1.950158e-01 6.407440e+04
2.061488e-01 3.144934e+05
1.199517e-01 2.316189e+04
6.724987e-01 8.336355e+04
3.758789e-01 6.743939e+04
1.571670e-01 7.657978e+04
3.754073e-01 3.150297e+05
6.534835e-01 4.274075e+04
2.455991e-01 2.360111e+04
1.114254e-02 6.918111e+03
2.876281e-01 1.611377e+05
6.523987e-01 1.191473e+04
2.133325e-02 1.755617e+03
1.366890e+00 8.366891e+04
8.047588e-01 2.822566e+05
7.271481e-01 1.077689e+05
7.783105e-02 1.256902e+04
5.928061e-01 3.885447e+03
2.163749e+00 7.790936e+04
1.368570e-01 4.015251e+04
3.040431e-01 3.348684e+04
8.871641e-02 1.253505e+04
8.251068e-01 9.322726e+04
2.923558e-01 1.292580e+05
6.260498e-01 1.875562e+04
5.503036e-01 1.031690e+05
5.558211e-01 2.517657e+04
9.772612e-01 5.997296e+04
1.761842e-01 1.151407e+05
5.278818e-01 1.447037e+05
1.161240e+00 2.224044e+05
1.962688e+00 1.317298e+05
4.872835e-02 4.645224e+05
3.079397e-01 8.500439e+04
9.117062e-01 7.152326e+04
7.429755e-02 3.695716e+03
9.085819e-01 9.786822e+04
1.104493e+00 3.269951e+04
5.748347e-01 1.100966e+04
4.228403e-01 1.346476e+05
5.678408e-02 3.467980e+03
2.510150e-01 8.511834e+04
9.677460e-01 1.160139e+05
1.449185e+00 1.257771e+05
7.081138e-01 3.821829e+04
1.046725e+00 1.539439e+05
4.047760e-01 1.612546e+04
6.388766e-01 4.296267e+04
5.364381e-01 8.052181e+03
3.218274e-01 9.198380e+04
1.116534e-03 1.917016e+05
2.516841e+00 2.036128e+05
6.735905e-01 6.289657e+03
3.087946e-01 1.322727e+05
7.546409e-01 7.704346e+04
1.389725e+00 7.510283e+04
4.895669e-01 3.230035e+05
4.869762e-03 6.728851e+03
5.625193e-01 4.245475e+04
6.389758e-01 3.752294e+04
3.971545e-01 2.695325e+03
1.500934e-01 2.850320e+05
8.779133e-01 1.007568e+04
3.231781e-01 2.556439e+04
4.239900e-01 4.040209e+05
1.356187e+00 3.798597e+04
8.842214e-01 4.301373e+04
5.223716e-01 2.905950e+04
1.965020e-01 1.135514e+05
1.423735e-01 2.791643e+04
6.045245e-01 9.556045e+04
4.910487e-01 1.273455e+05
9.928581e-02 1.240276e+05
1.030179e+00 1.369047e+04
3.902183e-01 1.561280e+04
4.368136e-01 2.459312e+04
6.783365e-01 1.445103e+04
7.581896e-02 3.497452e+04
8.540609e-01 2.360032e+05
5.419485e-02 3.184693e+03
1.511402e+00 1.090761e+05
1.514851e-01 2.394125e+05
3.753957e-01 8.400252e+04
1.461465e+00 2.739187e+04
9.174177e-01 3.467851e+05
1.184440e+00 3.535366e+04
8.771131e-01 2.878716e+04
6.223259e-01 7.350520e+04
3.509067e-01 1.432604e+05
1.769164e-01 5.135051e+04
7.165906e-02 8.443122e+04
3.269343e+00 2.545054e+04
7.107952e-01 2.920215e+04
2.059027e+00 1.489194e+05
4.374248e-01 2.881495e+04
5.116113e-01 1.842181e+05
1.291391e-01 7.945081e+04
3.129597e+00 9.890443e+03
4.838779e-02 1.455937e+05
5.866012e-01 2.536037e+05
1.437295e+00 3.073834e+03
2.049037e-01 5.304585e+04
6.578021e-01 4.964125e+04
2.297693e-01 8.057036e+04
4.072644e-01 1.257667e+05
2.387421e-01 7.160334e+04
7.072072e-02 3.201477e+04
1.992744e-01 6.681406e+03
6.407787e-01 4.759943e+05
6.538933e-01 5.602585e+04
1.376438e-02 3.732090e+04
8.292812e-01 1.712544e+04
1.371503e-01 1.869724e+04
2.291418e-01 3.454678e+04
8.712474e-01 1.474013e+05
1.272237e+00 7.230566e+03
9.534241e-02 1.665422e+04
4.011950e-01 7.576391e+04
2.369201e-01 4.633199e+04
9.041864e-01 7.439424e+04
1.081985e-01 2.513639e+04
1.208369e-01 1.880396e+04
3.559571e-01 2.591343e+04
9.680040e-01 3.255580e+04
4.060152e-01 1.070338e+05
1.628996e-01 3.245185e+04
6.245133e-01 4.347742e+02
1.424013e-01 2.557274e+05
5.808467e-02 2.011227e+03
2.672748e-01 1.931350e+05
4.848910e-02 1.075424e+05
6.803296e-01 9.719079e+03
3.707910e-01 1.771957e+05
1.123711e+00 1.581612e+05
6.905488e-01 3.261096e+04
7.610219e-02 1.808082e+05
3.298140e-02 5.257685e+04
6.228106e-01 4.726735e+04
1.567261e+00 4.279917e+04
1.001643e+00 2.774750e+05
9.517476e-02 6.694254e+04
3.337466e-01 2.827976e+04
3.523114e-01 4.082627e+04
7.339998e-02 3.707396e+05
1.808636e-01 4.415133e+04
1.728124e-01 5.685012e+04
1.677392e+00 7.777053e+04
2.900981e-01 7.232498e+04
1.908829e-01 8.590996e+04
3.854051e-01 1.917758e+04
1.575293e-01 2.978831e+05
1.007054e+00 3.821677e+04
4.921038e-02 2.866719e+04
1.042289e-01 4.606804e+04
3.771023e-02 3.079947e+04
1.596299e-01 3.667961e+05
5.574361e-02 3.268987e+04
2.682597e-01 6.720781e+04
1.730289e+00 3.258663e+04
1.404161e-01 2.155059e+05
6.832093e-01 1.681287e+04
2.607015e-02 2.879828e+04
5.300950e-01 5.143678e+04
7.984217e-02 1.576370e+05
8.795483e-02 1.918353e+05
1.024164e-01 9.114217e+04
4.337956e-02 8.863960e+03
3.286064e-01 3.392315e+04
2.169788e-01 3.700818e+04
8.692786e-01 7.719801e+04
1.628634e+00 6.727567e+04
1.797295e-01 2.147876e+04
3.608952e-01 2.873444e+03
1.624255e-01 6.176629e+04
9.614396e-02 5.070782e+04
4.526195e-01 7.825000e+04
1.687957e-01 8.366523e+03
3.912729e-01 1.230064e+04
3.918747e-02 1.243774e+05
2.415463e-01 1.182202e+05
1.876761e-01 6.674059e+03
4.267852e-05 7.670768e+03
5.564643e-01 5.751973e+04
1.964667e+00 7.021481e+04
1.663442e-01 6.696843e+04
4.500327e-01 1.066444e+05
4.095408e-01 8.430338e+04
3.678652e-01 4.999610e+04
1.887683e-02 1.212998e+05
8.531885e-01 4.938648e+04
9.148993e-01 1.128466e+05
6.539206e-01 1.549972e+05
9.458277e-01 1.185687e+04
9.903541e-01 2.184933e+04
6.291530e-01 3.227874e+05
7.338863e-01 3.609891e+04
2.741279e-01 1.775615e+05
2.966119e-01 1.007929e+05
7.506951e-02 6.737885e+02
1.506195e-01 1.828861e+05
5.286984e-01 2.416003e+05
2.445206e-01 3.694337e+05
1.644158e-01 1.156947e+05
2.602447e-01 5.568080e+04
1.481088e+00 6.549910e+03
9.142381e-01 5.573203e+04
4.879612e-02 2.478012e+04
1.498746e-01 2.531603e+04
2.095749e-02 2.776542e+04
1.697023e-01 2.392726e+05
1.168635e-01 1.365270e+04
1.585411e-01 7.448794e+04
8.248278e-02 1.029651e+04
7.996944e-01 1.241337e+05
5.793771e-01 1.750460e+04
1.300855e+00 4.156285e+05
5.993976e-01 1.360896e+05
3.773629e-01 1.194290e+05
2.147523e-01 7.297059e+04
7.851442e-02 1.256897e+05
1.323097e-01 4.339930e+04
5.341175e-01 2.870649e+03
5.392076e-02 6.869561e+03
3.380723e-01 1.819412e+05
6.507397e-01 3.261543e+05
8.514356e-02 4.068099e+04
2.009741e-01 2.600906e+04
1.120564e+00 1.759778e+05
9.471523e-01 1.446718e+05
4.394432e-01 5.879486e+03
1.512924e+00 1.703346e+04
1.451779e+00 5.414506e+04
1.046624e+00 3.205295e+04
1.451974e-01 2.221777e+05
6.501549e-02 4.658064e+04
1.497339e+00 3.140732e+04
1.839957e-01 4.107781e+04
1.517087e-01 2.142572e+04
3.262560e-01 1.227170e+05
2.891101e-01 6.299017e+04
1.176914e-01 4.149123e+04
6.817126e-01 8.691205e+04
3.541949e-01 4.536095e+04
1.015503e-01 1.001462e+05
2.730027e-01 7.372962e+04
4.398187e-01 2.024095e+05
2.037780e-01 7.523954e+04
1.306247e+00 1.060055e+05
7.062599e-01 2.078429e+05
1.391776e+00 7.550124e+04
7.865034e-03 2.196338e+05
3.473347e-01 2.469009e+03
3.458960e-02 3.169502e+04
3.208259e-01 7.566076e+02
4.861061e-02 2.585225e+05
1.945400e-01 4.352716e+04
1.353581e-01 6.271959e+03
4.107021e-01 1.791167e+05
3.260172e-01 2.288507e+05
1.108409e+00 4.063521e+04
9.639206e-01 2.428260e+04
7.149779e-02 2.574727e+04
2.336609e-02 1.390298e+05
8.145483e-01 1.052161e+05
1.024067e+00 1.960599e+05
5.653477e-01 2.182991e+05
2.820719e-01 3.592706e+04
2.250944e-01 6.688697e+04
2.500752e+00 1.149840e+04
6.000092e-01 1.237644e+03
3.031628e-02 1.590895e+05
2.019998e-01 2.439205e+05
1.602177e+00 6.444077e+04
9.055341e-01 1.062574e+05
2.363843e-01 1.038679e+05
7.131327e-02 8.711622e+02
4.891632e-01 2.666189e+05
4.392182e-01 2.371438e+04
4.049311e-01 2.011116e+05
1.284333e+00 7.284622e+04
3.397304e-02 4.117396e+04
2.712782e-01 1.460760e+05
8.477586e-02 2.978579e+05
7.114967e-02 8.898981e+04
6.488759e-01 5.235329e+04
9.202801e-02 5.110413e+04
3.958261e-01 9.544424e+04
1.435811e+00 7.041724e+04
5.716997e-01 1.861419e+04
1.651987e-01 2.902611e+04
2.474053e-01 8.032639e+04
4.678755e-01 1.595990e+05
7.057054e-01 1.199411e+05
3.666106e-01 1.606133e+04
7.491178e-01 4.008421e+04
4.299482e-01 9.165467e+04
5.802759e-01 5.105975e+04
1.931556e-01 2.955623e+04
5.602149e-01 1.358124e+04
1.924038e+00 4.299484e+04
3.858730e-01 2.205242e+05
1.591424e-01 1.077269e+05
8.058635e-01 6.341667e+03
1.081268e+00 5.917587e+04
5.477176e-02 9.378885e+04
1.956878e-01 3.143469e+04
1.058227e-01 1.710615e+05
5.225266e-02 1.368993e+05
7.185408e-03 2.241019e+05
9.821054e-01 1.649341e+04
2.711504e-01 2.327350e+04
3.561966e-01 4.024796e+04
2.750267e-01 1.955257e+05
6.836372e-01 6.169032e+04
2.619242e-02 3.361103e+04
8.797019e-01 1.582103e+05
1.967999e-01 2.130702e+04
1.528861e-01 4.257614e+04
1.318721e-01 5.481012e+03
6.244975e-01 5.503017e+04
1.002676e+00 2.318836e+05
8.393966e-01 7.102941e+03
1.290082e+00 8.697518e+04
2.338034e-01 4.465415e+04
2.741632e-01 5.828984e+04
5.608461e-01 2.351451e+04
9.115697e-03 1.246786e+04
1.005955e+00 6.103705e+04
4.916692e-02 1.142017e+05
1.460199e-01 2.710827e+04
6.473114e-02 4.377018e+05
1.701142e-01 6.766775e+04
4.063446e-01 1.824678e+05
1.027369e-02 2.661367e+05
3.435900e-01 1.906391e+05
3.301652e-02 1.078688e+05
6.500965e-02 1.688830e+05
2.418555e-02 8.783816e+04
1.717455e-01 5.505940e+04
6.188473e-02 5.009981e+04
4.015440e-01 1.286669e+04
4.154057e-01 1.499453e+04
1.719186e-01 2.230664e+05
2.086154e-02 6.862410e+04
1.455016e+00 5.632722e+03
1.039762e+00 2.473840e+03
9.376419e-01 2.031984e+05
6.085370e-02 1.044626e+05
3.878530e-01 1.489333e+05
4.019213e-01 4.384661e+04
1.030644e-01 5.837671e+04
6.756429e-01 1.719221e+05
6.633671e-01 2.693563e+05
2.889304e+00 2.569411e+03
2.087522e-01 6.792652e+04
1.072452e-01 1.434870e+04
1.758133e-01 4.624542e+04
1.041277e-01 7.594647e+04
5.351312e-01 1.545253e+05
9.799829e-02 1.825028e+05
3.235849e-01 1.500354e+04
2.685800e-01 6.866418e+05
3.635351e-01 6.803020e+04
1.454291e+00 3.218628e+04
7.538891e-01 4.625604e+05
5.148605e-02 3.960837e+04
2.299679e+00 9.070118e+04
5.957123e-01 1.683839e+05
2.004877e-01 8.677518e+04
7.052094e-01 1.080591e+05
1.785633e+00 1.528413e+05
7.302785e-01 3.368558e+04
5.705216e-02 2.774413e+05
7.822939e-02 9.374213e+04
