3.307802e-01 7.482429e+04
4.854971e-01 8.575087e+04
1.075948e-01 1.954341e+05
9.553054e-03 4.603178e+04
2.533842e-01 1.486979e+05
3.485186e-01 1.882994e+05
1.105447e+00 1.490452e+04
1.104660e+00 4.194437e+04
6.878069e-01 6.013069e+03
6.233032e-01 1.261826e+05
1.238099e+00 1.281328e+05
8.959859e-01 1.912863e+05
1.763130e-03 1.000828e+05
3.307996e-01 1.622337e+04
4.303170e-01 7.348285e+04
2.500117e-02 5.213491e+03
5.782145e-01 5.896811e+04
1.708117e+00 8.038301e+04
2.862204e-01 5.579439e+04
1.271413e+00 2.320277e+05
1.192576e-01 1.618340e+04
1.079368e-01 3.502239e+05
2.568895e-01 1.387259e+05
3.570867e-03 3.064212e+04
5.140707e-02 4.153721e+04
4.741292e-02 9.310613e+04
2.309134e-01 2.679334e+05
1.813117e-01 9.851033e+04
3.784187e-01 1.206882e+05
5.830268e-01 1.566058e+04
4.522094e-02 4.997341e+02
1.443202e-01 2.610978e+03
1.736123e+00 2.064331e+05
9.566978e-01 9.299150e+04
7.524766e-01 5.827067e+05
7.358638e-01 5.220488e+04
1.161722e+00 1.296089e+05
7.354547e-01 1.064852e+05
3.050440e-01 2.424075e+05
1.251603e-02 1.240315e+05
3.100576e-01 5.492339e+03
5.103203e-02 2.751145e+05
3.012622e-01 1.776083e+05
8.219602e-01 2.120580e+05
9.767355e-02 3.065261e+05
8.359007e-01 2.952234e+04
5.644700e-01 2.993843e+04
6.634234e-01 1.048290e+05
1.226285e-01 6.069518e+04
1.948286e-01 1.619781e+05
4.203714e-01 1.598752e+05
1.296149e-01 4.697653e+04
6.878434e-01 3.468084e+05
3.136240e-01 5.324934e+05
6.893305e-01 1.081569e+05
9.524873e-01 7.605828e+04
5.151279e-01 2.658894e+05
5.682289e-01 7.271780e+04
3.823144e-01 8.513536e+04
2.653962e-02 7.677441e+04
6.967444e-01 1.613187e+05
5.494010e-01 8.916484e+04
3.791662e-01 2.499451e+05
3.985797e-01 1.753409e+03
1.623138e-01 2.238269e+05
5.435365e-01 6.460382e+04
6.501790e-01 2.992925e+05
1.132864e+00 4.640093e+04
3.486375e-01 4.885982e+04
6.492132e-02 6.550135e+04
1.434226e-02 7.410852e+04
3.414967e-01 1.056602e+04
3.068442e-01 1.601070e+05
2.223104e-01 8.794389e+03
5.418818e-01 4.085738e+04
3.891234e-01 1.115208e+05
2.758211e-01 7.071056e+03
8.767584e-01 1.808335e+05
9.792223e-01 2.552628e+05
7.260895e-01 1.042377e+04
1.090778e+00 5.178367e+04
4.565171e-01 1.626589e+05
1.649261e+00 8.243610e+02
5.461455e-01 2.247441e+05
2.373351e-01 1.792005e+05
2.539989e-01 1.008606e+05
1.831274e-01 1.806786e+04
1.724444e-01 1.563584e+05
7.951063e-01 4.186198e+04
5.331278e-01 9.112397e+04
1.668218e-01 6.544647e+03
1.314871e+00 4.817269e+04
8.357500e-01 9.394776e+04
2.406237e-01 9.497492e+04
2.067747e-01 5.237424e+04
5.182518e-01 7.972574e+04
4.961323e-01 1.706364e+05
2.733846e-01 2.992943e+05
5.218021e-02 4.853116e+05
2.584209e-01 5.165409e+04
2.933847e-01 2.316371e+04
3.253489e-03 9.291095e+04
1.766766e-01 3.960447e+05
1.771025e-01 4.035530e+04
8.325361e-01 1.492902e+04
5.649878e-02 1.844344e+05
1.868016e+00 1.629523e+04
8.325605e-01 9.313988e+04
6.290778e-01 8.956544e+04
2.238868e-01 5.334613e+04
1.554875e-01 1.669101e+04
8.782193e-02 6.697703e+04
2.465043e-02 1.137269e+05
5.011995e-01 2.741779e+04
1.060907e-01 1.492239e+05
9.298277e-01 6.790468e+04
8.223561e-01 1.624377e+05
9.195806e-02 6.290310e+05
4.599204e-01 3.126618e+04
1.519522e+00 2.199418e+04
1.010415e+00 7.301113e+04
1.220891e-01 3.399802e+04
3.847405e-01 7.960121e+04
2.261021e-02 2.372571e+05
1.879198e-01 5.953765e+04
1.597684e-01 6.148095e+02
5.812659e-01 1.140132e+05
3.736504e-01 1.337414e+05
3.077263e-02 1.585755e+05
2.783924e-01 4.599871e+04
3.632910e-02 2.261257e+02
1.139406e+00 2.854459e+04
5.182096e-01 3.965356e+04
1.054964e+00 1.683202e+05
1.069261e-01 5.048511e+04
1.208186e-02 9.462134e+04
1.637231e-02 9.183034e+04
4.843794e-01 1.452662e+05
2.369316e-01 8.440050e+04
3.228581e-01 1.701424e+05
1.353865e-01 7.956945e+04
3.778917e-02 2.428250e+02
1.820066e+00 3.770158e+04
1.109614e+00 1.296204e+05
1.874598e-01 2.529608e+05
1.427193e-01 2.455385e+04
1.438590e-01 9.156539e+04
1.887787e-01 1.300031e+05
1.999409e-01 8.074156e+04
8.630253e-01 1.420301e+05
8.408930e-02 3.707586e+04
1.686215e-01 4.476783e+04
6.723331e-02 1.064454e+05
7.106308e-01 1.336996e+03
1.198870e+00 1.444524e+05
1.374373e-01 8.055319e+03
4.712586e-01 5.956044e+04
2.992313e-01 8.113681e+02
9.899932e-02 2.319830e+05
1.009137e+00 2.747012e+05
1.237717e-01 8.049241e+04
2.450544e-01 5.679877e+05
4.759450e-01 7.473541e+04
1.554668e-01 4.064404e+04
2.386505e-01 1.686130e+05
5.057523e-01 3.647576e+05
9.120449e-02 9.162553e+04
2.766731e-01 4.312235e+04
3.799333e-01 1.050088e+04
6.269866e-01 4.503296e+04
1.096920e-01 6.975308e+04
1.688112e+00 3.381518e+04
4.327181e-02 1.964712e+05
8.164772e-02 2.502265e+04
8.096477e-02 1.717465e+04
1.145226e+00 2.868460e+05
6.113531e-01 5.044423e+04
1.159737e+00 2.270648e+04
9.225117e-01 1.665903e+04
1.891961e-02 5.192871e+04
2.825622e-01 1.875590e+04
2.124965e-01 5.123804e+04
2.737811e-02 2.072900e+05
7.625823e-02 2.197846e+04
1.978718e-01 1.862056e+05
8.703897e-02 1.478723e+05
9.505435e-02 5.585483e+04
3.177721e-01 1.809072e+05
7.502162e-02 2.434176e+04
2.172117e-01 7.077963e+04
6.956171e-01 3.988760e+04
6.247753e-02 1.812806e+05
4.230936e-02 4.934297e+04
1.011376e+00 4.726258e+04
3.489183e-01 8.413156e+04
1.834463e-02 8.914171e+04
1.061201e-01 6.137173e+04
1.280736e+00 3.368517e+04
6.262147e-01 7.494096e+04
1.191064e+00 1.135696e+05
3.895160e-03 1.258894e+04
5.000846e-01 4.593502e+04
1.894769e-01 6.797389e+04
1.489958e-01 2.539021e+05
5.730438e-01 1.566766e+04
3.730099e-01 1.122552e+05
1.317080e-01 1.754881e+05
2.674281e+00 1.024614e+05
1.329257e+00 2.263386e+05
1.273900e+00 2.990744e+02
1.607916e+00 3.953681e+04
5.232696e-02 2.074857e+04
1.435337e-01 3.797542e+04
3.702016e-01 5.784221e+04
6.949032e-01 4.544826e+03
2.449487e-01 3.480635e+04
1.033101e-01 7.192827e+04
5.741137e-02 2.786254e+04
3.084516e-01 8.796353e+03
8.376732e-01 5.849207e+04
9.909348e-02 3.101811e+05
2.055264e-02 1.265750e+04
2.648088e-01 6.827171e+04
7.793585e-01 2.666504e+05
1.686558e-02 6.984424e+04
9.303674e-01 5.370725e+03
6.993912e-01 6.613812e+04
8.988114e-01 6.740045e+04
2.638462e-01 1.719930e+04
1.638453e-01 5.845983e+03
2.279651e-01 2.103920e+05
1.110778e+00 3.099013e+04
2.885160e-01 2.248282e+05
1.098147e+00 8.178385e+04
6.841627e-02 9.620252e+04
2.856532e-01 1.810780e+05
2.162837e-01 3.011831e+04
8.026447e-01 7.638815e+03
1.331037e-01 1.217945e+05
2.371757e-03 1.951853e+04
1.526270e-01 2.406899e+05
5.006851e-01 1.940274e+05
1.154011e-02 2.173124e+05
5.657522e-03 7.989160e+04
6.050970e-01 1.207137e+04
2.184872e+00 5.979520e+04
6.564919e-02 5.257151e+04
2.736923e-01 3.956137e+05
1.818482e-01 1.240530e+05
1.854813e-01 5.853598e+05
1.202251e-01 1.925648e+04
1.559472e-02 6.505577e+04
1.469874e+00 5.133135e+04
1.867317e-01 7.325878e+04
8.911174e-02 1.900849e+03
5.040195e-01 2.797018e+04
4.707432e-02 4.313399e+04
1.003480e+00 2.953593e+05
9.284862e-01 3.574973e+05
1.474957e+00 3.903418e+05
3.087787e-02 2.848782e+04
3.994961e-01 2.691261e+05
1.781856e-01 1.444395e+05
9.715945e-02 1.035025e+05
1.599213e-02 1.065613e+05
6.678771e-01 1.996802e+05
3.341807e-01 1.881464e+04
1.534343e-01 1.744898e+05
4.543816e-01 8.967142e+04
6.373422e-01 3.943795e+05
3.389166e-01 4.394527e+04
1.148944e+00 8.452402e+03
2.511598e+00 6.639088e+04
5.185492e-02 2.240671e+04
3.829395e-01 3.244145e+05
8.179987e-01 1.174260e+05
4.263493e-01 2.612351e+05
7.637619e-01 1.655622e+05
1.096929e-02 1.708250e+04
6.037954e-01 2.211632e+04
2.960768e+00 1.753977e+04
6.407628e-02 2.924813e+03
2.263046e-01 2.192866e+05
6.282641e-01 1.373650e+05
2.918361e-01 7.913418e+03
8.508224e-01 1.233758e+05
1.736233e-01 2.142941e+05
4.963239e-02 1.309181e+05
6.685246e-02 4.113847e+05
1.167571e-01 1.528271e+05
1.348980e+00 3.761525e+05
6.587290e-01 2.946980e+04
4.427634e-01 2.265102e+04
1.018279e+00 2.208953e+04
5.675148e-01 3.607144e+04
9.639271e-02 1.109435e+05
1.664197e-01 5.123331e+04
6.332289e-01 5.054422e+04
3.444129e-01 3.134968e+04
2.075485e-01 3.671766e+05
1.038483e-01 1.154454e+05
1.048869e-01 1.025714e+04
1.125552e+00 2.553412e+05
9.390267e-02 3.885454e+04
5.822807e-01 7.440988e+04
1.853378e+00 2.081426e+05
3.736842e-01 8.254654e+03
3.065098e-01 4.431310e+04
2.743952e-01 1.595690e+05
1.937746e-01 9.709960e+04
1.635266e-01 1.530095e+05
3.941751e-01 3.706372e+04
5.146269e-01 1.777149e+05
1.017274e+00 3.327325e+04
1.984728e-01 2.010176e+05
3.462138e-01 8.040311e+03
2.067353e-01 4.810015e+04
7.159210e-01 1.900704e+05
9.532409e-01 8.128938e+04
2.669904e-01 2.473284e+04
1.345583e-01 8.284997e+02
6.938661e-02 1.416748e+05
6.074258e-01 7.985861e+04
4.120656e-01 5.216556e+04
1.095416e-01 1.532621e+04
8.607661e-01 1.568469e+02
6.735254e-03 3.298333e+05
8.828677e-01 7.805715e+04
3.495305e-01 5.782282e+04
4.211837e-01 9.132854e+04
1.434158e-01 1.651326e+05
6.415342e-01 4.065240e+04
1.140818e+00 9.955699e+04
8.694582e-02 1.423960e+04
9.231616e-01 2.500234e+04
5.841624e-01 1.414688e+05
5.100965e-01 1.114289e+04
1.899466e-01 2.405201e+05
3.055223e-01 4.319638e+04
3.888230e-01 1.018575e+04
3.025450e-01 4.669227e+04
4.749699e-01 6.135915e+04
2.356092e-01 1.173511e+04
1.675869e-01 9.772721e+04
2.829557e-01 1.548808e+05
3.469356e-01 1.396798e+05
1.022948e+00 8.227941e+04
6.906819e-01 1.758747e+05
5.929877e-01 4.649857e+04
2.620574e+00 7.679016e+04
3.839025e-01 2.655219e+05
4.633987e-03 4.753382e+04
1.215681e+00 2.867740e+03
3.047038e-01 7.006284e+04
8.049062e-01 8.479678e+04
6.215656e-01 1.257607e+05
5.966686e-02 5.148298e+04
2.202864e-01 2.656445e+04
5.409304e-02 1.883174e+05
6.981165e-02 6.882836e+04
4.170424e-01 1.406578e+03
5.062354e-01 2.621446e+05
1.239634e-01 4.380644e+04
3.031592e-01 1.177426e+05
4.620094e-01 2.670134e+04
5.782724e-01 5.887911e+04
3.871397e-01 3.572116e+05
4.972800e-01 1.606261e+04
4.152597e-01 4.298457e+03
2.741085e-01 4.369274e+04
2.172746e-01 4.183035e+04
2.582874e-01 3.109515e+05
5.342072e-01 9.486042e+03
3.372760e-01 1.070283e+05
5.770577e-01 3.825710e+04
8.946592e-02 2.125753e+05
6.173340e-04 1.407073e+05
7.040163e-02 1.581757e+05
7.370234e-03 1.941585e+04
4.533970e-01 2.487175e+05
6.465088e-01 8.981084e+04
1.481253e-01 3.732580e+04
1.552177e-01 1.190658e+04
1.971706e-01 1.259647e+05
3.553895e-01 2.362278e+04
2.223028e-01 8.980115e+04
2.465807e-01 5.082531e+04
6.036262e-01 1.339604e+04
6.963466e-02 9.679012e+04
5.405527e-01 3.868328e+03
9.082546e-01 2.365651e+04
2.088331e-01 7.849382e+04
1.033897e-01 9.362335e+02
1.682103e-01 9.850275e+04
9.199831e-02 2.220335e+05
6.585628e-01 2.571019e+04
2.280955e-01 4.890619e+04
4.127981e-01 6.343231e+04
2.218454e-01 1.182892e+05
3.344955e-02 1.109109e+04
1.756468e-01 1.743241e+03
1.236507e-01 1.113707e+04
1.717885e-01 6.583602e+04
4.972640e-01 8.733490e+04
1.731514e-01 5.313532e+03
4.217867e-02 4.391326e+05
8.800590e-02 1.634266e+05
2.071466e-01 1.891214e+04
1.591295e-01 1.540126e+05
1.092887e-01 1.379178e+05
1.305976e-01 1.970195e+05
4.214794e-01 7.588241e+04
1.958578e-02 1.318094e+05
1.068183e+00 5.693925e+05
3.394077e-01 2.128146e+04
4.145938e-01 1.869038e+04
6.650863e-01 7.811155e+04
1.341698e-01 3.907240e+05
2.448593e-01 8.013271e+04
2.990128e-01 4.311904e+04
1.386818e+00 6.352381e+04
4.259113e-01 1.939266e+05
3.157085e-01 7.449713e+04
5.071459e-01 5.743492e+04
8.983182e-01 3.158055e+04
1.988720e-01 1.074963e+05
4.393798e-01 4.033293e+05
3.356713e-01 5.190622e+03
1.327392e-02 1.785720e+05
2.209990e-01 2.803322e+04
2.809054e-01 1.385923e+03
7.602156e-02 3.417381e+04
6.270101e-01 1.578048e+04
3.523138e-02 6.112992e+04
7.421631e-01 1.088526e+05
6.934031e-01 1.142014e+05
5.097543e-01 1.260849e+05
1.944344e-02 2.257821e+05
5.812913e-01 1.845121e+05
2.532693e-01 1.117828e+04
1.572578e-01 2.406631e+04
5.469023e-01 6.028552e+04
1.323443e-01 1.215060e+05
8.539441e-01 8.762514e+04
1.474127e+00 4.487474e+04
2.810231e-01 1.274604e+05
2.002962e+00 9.275116e+04
6.081439e-02 1.438370e+05
1.076603e+00 2.949402e+04
3.855254e-01 2.273793e+05
1.685470e+00 7.083218e+04
3.600736e-02 9.493915e+03
1.277522e+00 8.044271e+04
1.018198e+00 8.907899e+04
4.398391e-01 1.588454e+04
3.900447e-01 1.904082e+05
6.890843e-01 1.695619e+05
6.385513e-01 1.847652e+05
6.455092e-01 2.975872e+05
7.862553e-02 1.524492e+05
2.178402e-01 6.678950e+03
4.036626e-01 5.401254e+04
1.144822e+00 2.064033e+05
9.959868e-01 2.450156e+05
9.712231e-01 3.304969e+05
2.498019e-01 4.355542e+04
4.340889e-01 8.858809e+04
4.034965e-01 8.398185e+04
8.117547e-01 8.202818e+04
1.220826e-01 1.954358e+04
3.516360e-01 1.159102e+05
3.681807e-01 6.012240e+04
6.592923e-01 9.548340e+03
2.379733e-01 1.188573e+04
2.161734e-02 8.651432e+04
2.223445e-01 6.011208e+03
9.333968e-02 8.544225e+04
3.304757e-03 3.127376e+03
2.862601e-01 1.611597e+05
1.187110e+00 1.694431e+05
5.706699e-01 6.392898e+04
1.629346e-02 9.193620e+04
4.646343e-01 7.892064e+04
6.098500e-01 3.765850e+04
2.486124e-01 8.261118e+04
8.253421e-01 1.633131e+05
1.313060e+00 1.802218e+05
7.972124e-02 4.422635e+03
9.318178e-01 1.535055e+05
1.033244e-01 8.783392e+04
4.180375e-01 2.777186e+04
3.412039e-02 2.516800e+04
2.080535e-01 1.860563e+05
3.934251e-02 1.404867e+04
4.145472e-01 1.028591e+05
1.094347e+00 1.129291e+05
9.402207e-02 1.244779e+05
2.773546e-01 2.230433e+04
8.788677e-02 1.150432e+05
6.760932e-02 3.677719e+04
5.593541e-01 6.210263e+04
1.435506e-01 5.967802e+04
2.768262e-01 7.015900e+03
4.137214e-01 5.346986e+04
8.054869e-01 2.307224e+04
9.977589e-02 1.381564e+05
6.127235e-01 1.113802e+05
7.346236e-01 6.948908e+04
2.027584e-02 1.493312e+04
5.901916e-01 1.891519e+04
3.373349e-01 7.817794e+04
9.169969e-02 5.401424e+03
2.050118e-01 5.804028e+04
2.138302e-01 9.042500e+03
1.983791e-02 2.940172e+04
5.734725e-02 2.645177e+04
4.766868e-01 9.936619e+04
4.792453e-01 3.910756e+05
7.385125e-01 2.375366e+05
4.874703e-01 1.027098e+05
3.309563e-01 5.448822e+04
5.035596e-01 1.321124e+04
1.136882e-01 2.220526e+05
1.483605e+00 8.575390e+04
3.363960e-01 3.039907e+03
8.030448e-01 2.724986e+03
2.188508e-01 8.463179e+04
1.978549e-02 1.170440e+05
4.242282e-01 2.125963e+04
7.551173e-02 4.983973e+04
1.150263e+00 6.798302e+04
8.327204e-01 3.514048e+04
2.797970e-01 2.990968e+04
1.955959e-01 1.691709e+03
1.709864e+00 5.707679e+04
1.725004e+00 2.251816e+05
1.921141e-01 2.314700e+05
1.183207e+00 2.075110e+05
2.707532e-02 1.736029e+04
7.547401e-02 4.979567e+03
2.470938e-01 3.675386e+04
4.488215e-01 2.098274e+05
1.640561e+00 3.631045e+05
4.653257e-02 9.839300e+04
2.326229e-01 1.591290e+05
3.240150e-01 1.221261e+04
2.663623e-01 1.825486e+05
6.267075e-01 3.446091e+04
5.572676e-01 1.073721e+05
7.620915e-01 2.326139e+04
3.513122e-02 2.048846e+04
8.520801e-01 7.933733e+04
7.796410e-01 5.199429e+04
6.798944e-02 9.255745e+04
3.522267e-02 3.839642e+04
2.587691e-02 1.554590e+04
7.203599e-01 1.790777e+05
1.269489e+00 2.194603e+03
6.347732e-01 7.289992e+02
3.285194e-01 5.278935e+04
1.153579e+00 1.143499e+04
6.488392e-02 3.921149e+04
1.101205e-01 4.076213e+05
2.947843e-01 1.802599e+05
3.950292e-02 7.725930e+04
2.741479e-01 1.817066e+05
1.971791e-01 1.913892e+04
1.142777e+00 2.273004e+04
6.920992e-01 1.849848e+04
4.870987e-01 3.681604e+05
7.903126e-01 4.033730e+04
1.882469e-01 6.204120e+04
2.945300e-01 7.727574e+03
1.214205e-01 1.552230e+04
6.762802e-01 1.454985e+05
1.113782e+00 2.915327e+05
4.053300e-02 1.213743e+05
7.089517e-02 3.616433e+04
3.231260e-01 1.067356e+03
1.293240e-01 9.832782e+03
2.076846e-01 6.828918e+04
1.856948e+00 2.411943e+03
5.144572e-01 2.346313e+04
9.207511e-01 6.879777e+04
7.718866e-01 6.983555e+04
4.127351e-01 1.347421e+05
7.364955e-01 7.337720e+04
3.809815e-01 2.578548e+05
1.715502e-01 4.498249e+04
3.181490e-01 6.452026e+04
3.459606e-01 5.852858e+03
5.197711e-02 1.782723e+05
3.482263e-02 1.792922e+04
6.457636e-01 1.864615e+05
1.133392e+00 1.442561e+05
3.575652e-01 1.110747e+05
5.541819e-01 9.849595e+04
3.181409e-01 6.673393e+03
2.778032e-01 4.730980e+04
2.103505e-01 2.543624e+04
8.714474e-02 1.113174e+05
2.576989e-01 7.213635e+04
4.314524e-01 5.159267e+04
3.654403e-01 6.714565e+04
4.034229e-01 1.055977e+04
2.174033e-02 1.285921e+05
6.238611e-01 4.832370e+04
1.598524e-01 8.349901e+04
2.110704e-01 1.094848e+05
4.510238e-01 3.635168e+04
4.388264e-01 1.783086e+05
6.235563e-01 2.921538e+04
6.457953e-02 2.249607e+05
5.391859e-02 6.587831e+04
2.968166e-01 4.519969e+04
1.829374e-01 1.776552e+04
2.066503e-01 1.079924e+04
4.531590e-01 7.668004e+04
1.659224e+00 1.285684e+05
7.920329e-01 2.802842e+05
1.068955e+00 1.579787e+05
2.562089e-01 7.663122e+04
