4.995439e-01 1.743197e+05
1.655931e+00 6.756179e+04
6.574586e-01 7.354837e+03
6.977337e-01 6.493090e+04
2.877453e-01 5.666800e+05
3.892406e-02 9.235059e+04
3.565657e-01 1.075034e+05
1.444889e-02 3.408954e+04
1.076420e+00 1.584575e+05
1.978546e-01 2.185677e+04
5.629238e-01 2.222893e+05
5.841536e-01 4.190656e+05
7.711588e-02 2.273912e+05
4.754373e-01 2.512917e+05
3.749027e-01 4.368656e+04
4.125007e-01 7.521068e+05
3.462099e-01 6.569894e+04
2.952265e+00 1.342021e+04
5.289841e-02 5.523347e+04
6.671505e-01 6.131607e+04
6.770476e-01 1.712905e+05
3.112212e-01 7.991921e+04
2.048300e-01 2.544705e+04
1.872987e-01 2.050350e+05
3.314264e-01 3.720719e+05
2.133359e-01 3.703376e+04
5.636138e-01 8.917877e+03
4.769902e-02 1.379858e+05
3.365699e-01 2.364039e+05
1.647385e-01 1.307231e+04
3.478073e-01 1.526453e+05
5.337138e-01 5.910938e+04
1.287799e-01 3.495738e+05
1.685027e-01 4.042985e+04
4.763223e-01 2.426207e+05
8.347845e-01 1.270207e+05
4.140615e-01 9.597363e+04
8.493217e-01 8.545229e+04
1.848825e+00 2.764888e+05
2.156718e-01 8.068089e+04
1.819069e-01 1.187379e+05
4.852226e-01 2.117103e+05
5.790542e-02 1.539882e+04
1.114568e-02 4.584837e+04
8.281736e-01 6.107731e+04
2.816411e-01 6.538855e+04
2.386772e-01 4.917353e+05
4.790981e-02 1.019928e+04
3.082300e-01 1.186455e+05
4.706239e-01 1.227086e+05
5.014748e-01 1.580712e+04
6.718798e-01 2.353801e+05
1.593450e+00 2.052010e+04
7.972283e-01 4.275146e+04
7.302156e-02 6.490739e+04
4.014895e-01 1.023997e+03
7.094448e-02 1.538729e+05
6.811136e-02 6.973801e+03
6.718220e-01 1.321968e+05
3.744225e-01 5.030412e+04
1.915133e-01 8.509394e+03
8.722647e-01 7.941491e+04
1.243197e-01 4.770433e+04
4.945623e-01 1.197107e+05
8.554031e-01 2.092275e+04
5.442879e-02 3.107398e+05
8.191422e-02 3.654024e+05
3.460723e-01 1.876795e+05
1.467942e+00 1.105114e+05
1.524123e-01 5.055757e+04
1.892864e-01 4.811825e+04
9.553975e-02 6.426871e+04
1.973130e-01 2.245784e+05
8.324687e-01 4.578910e+04
3.529191e-02 1.286595e+05
6.353688e-01 5.551987e+04
1.532497e+00 3.240770e+05
5.056501e-01 1.405104e+05
1.585538e-01 2.640757e+04
3.146047e-01 2.978722e+04
2.039126e-01 4.500177e+04
1.531016e-01 4.244581e+04
4.737379e-01 7.796243e+04
2.868954e-02 6.698295e+04
1.804177e+00 1.152588e+05
8.148657e-01 9.732231e+03
1.226233e-01 6.064559e+03
2.767445e-01 3.073830e+04
7.564983e-02 3.221279e+05
7.190758e-01 2.309807e+05
4.431421e-01 8.400389e+04
5.371230e-01 1.376709e+05
6.634813e-01 1.225354e+05
1.401791e-01 7.951391e+04
5.098465e-01 8.155133e+04
7.905484e-01 6.616512e+04
9.532415e-01 5.429186e+04
1.390407e-01 5.466792e+04
6.377127e-01 1.255778e+05
4.102590e-01 3.460934e+05
7.805278e-01 2.128641e+04
1.966503e-01 1.174758e+05
7.509239e-01 2.037866e+04
3.581660e-02 7.251056e+04
2.054828e-01 7.973977e+03
3.123181e-01 2.583426e+04
1.037675e+00 8.567864e+04
4.748119e-01 1.169124e+04
1.046811e+00 8.817074e+04
6.384019e-01 8.962768e+04
2.784287e-01 1.776659e+04
8.699811e-01 1.426193e+04
1.351569e-01 5.267778e+04
1.554595e-01 1.199766e+03
1.640114e-01 5.830120e+04
4.354783e-01 1.558177e+05
1.136204e+00 2.319433e+05
2.953912e-01 4.672866e+04
6.068534e-02 3.418574e+04
1.913674e-01 6.504045e+04
6.389900e-02 1.533718e+04
2.943141e-02 1.668348e+05
8.936501e-01 3.082795e+04
5.685040e-02 1.184800e+05
1.725385e-01 1.011391e+04
4.708532e-01 9.257292e+04
7.147622e-02 3.486915e+04
7.186811e-01 4.787685e+04
4.521762e-02 9.458569e+03
2.257610e-01 7.101157e+04
6.724244e-01 8.548671e+04
9.601213e-01 7.958551e+04
1.427451e-01 2.502656e+05
9.854546e-01 3.306489e+04
1.283509e-01 6.303336e+04
7.771724e-02 1.484717e+05
1.634081e+00 4.259768e+04
1.222206e+00 9.527489e+04
2.524267e-01 4.259702e+03
1.210553e+00 1.069042e+05
1.339429e+00 1.086630e+05
4.238334e-01 3.385837e+03
2.249647e-01 4.583981e+04
1.859346e+00 1.673805e+04
6.119722e-01 9.319144e+04
3.923487e-01 1.671662e+05
3.964283e-02 2.666520e+04
4.745541e-01 6.891037e+04
7.888943e-01 1.918962e+05
2.726930e-02 6.573343e+04
2.037310e-02 3.830496e+04
6.383494e-01 1.559529e+05
6.610895e-01 2.292121e+05
1.028354e-01 1.701682e+05
1.008291e+00 2.016302e+02
2.252694e-01 7.915091e+03
2.811678e-01 4.553784e+04
2.964594e-01 1.078757e+05
4.730999e-02 1.880105e+05
4.773184e-01 5.583260e+04
6.477224e-01 9.290739e+03
4.376262e-01 2.448159e+05
3.821038e-01 2.021444e+04
5.880340e-02 3.213608e+05
3.519273e-01 1.021688e+03
4.354342e-01 7.071383e+04
7.696463e-01 1.122286e+05
4.850146e-01 1.526229e+04
3.982877e-01 3.671685e+04
1.258993e+00 2.975856e+04
6.487516e-01 2.416993e+04
1.501704e-01 1.032752e+04
1.125895e-01 3.694852e+05
5.941112e-01 1.010620e+05
6.343183e-02 8.534791e+03
5.923550e-01 4.642419e+04
3.293989e-01 1.141967e+05
1.647415e+00 5.936912e+04
7.221352e-01 3.823333e+04
4.042194e-01 8.653693e+04
1.215904e-01 3.273865e+04
5.055306e-01 9.840102e+04
4.369115e-02 2.605102e+05
1.169801e+00 3.497206e+05
4.582751e-01 7.626875e+04
4.634030e-01 2.808425e+05
2.030438e-03 6.222567e+04
3.896426e-03 8.661393e+04
2.449615e-01 4.854056e+04
2.629306e-01 1.305288e+05
3.206045e-01 1.723671e+05
4.285785e-02 6.534388e+04
7.717844e-02 2.035583e+04
1.375658e-01 3.214710e+04
2.901501e-01 5.457571e+03
9.842279e-03 2.083859e+03
6.150272e-02 1.745124e+04
2.618340e-01 7.942576e+04
7.339351e-02 4.053743e+04
4.336116e-01 2.171603e+05
1.193804e-01 1.464334e+05
1.175019e+00 1.513534e+05
4.864659e-01 4.417651e+04
3.146200e-01 3.587633e+05
6.154568e-01 2.058562e+04
3.584740e-01 6.451735e+04
1.321932e-02 3.283193e+04
2.601997e-01 1.658812e+02
8.835663e-02 5.548885e+04
8.063678e-01 2.578180e+05
1.289247e-01 1.596062e+03
2.515022e-02 2.622986e+04
1.359826e-01 1.105683e+05
7.176183e-02 3.039426e+04
1.925108e+00 2.633928e+04
1.119238e+00 1.515107e+04
6.125076e-01 1.916890e+04
2.767834e-01 1.229847e+04
3.749373e-01 4.433085e+05
2.965581e-01 5.727710e+04
4.710462e-01 2.208582e+05
1.072793e+00 1.923226e+05
1.666463e-01 1.388244e+05
9.485786e-01 9.408377e+03
5.562074e-01 8.916736e+04
8.782266e-02 7.360231e+03
1.010379e+00 2.146257e+04
3.519919e-01 1.459486e+05
1.604149e+00 3.100249e+05
2.970158e-01 1.669164e+05
3.891563e-01 6.489047e+04
1.227720e-01 5.496930e+04
4.958061e-01 5.968515e+04
1.234573e+00 1.276098e+05
6.548209e-02 4.341708e+04
8.997339e-02 7.163766e+03
2.112067e-01 1.400921e+05
1.409164e-02 4.689410e+04
1.972914e-01 7.356936e+03
4.375447e-02 7.935806e+04
4.413287e-02 8.995428e+04
1.054667e-01 8.279868e+04
2.943651e-01 1.418835e+05
2.215086e+00 1.680545e+05
1.440904e-01 1.165717e+05
3.125855e-01 1.885717e+05
1.151805e-01 3.152255e+04
2.763061e-01 1.756321e+04
1.944329e-01 4.177496e+04
3.855767e-01 1.611554e+05
6.715697e-01 1.605404e+04
2.106466e-01 1.980009e+05
4.552496e-02 5.512972e+03
1.581836e+00 2.005722e+05
1.012936e+00 6.761597e+04
7.321167e-01 4.253408e+04
3.273800e-02 6.300072e+04
1.075880e+00 1.745306e+05
6.208824e-01 1.132328e+05
2.079832e-01 5.987753e+04
8.118869e-02 7.755693e+04
3.755055e-01 2.854702e+05
4.359715e-01 2.156183e+05
1.029450e+00 2.068030e+04
5.326289e-02 1.549842e+05
2.850444e-01 1.631998e+05
7.773489e-01 2.179676e+04
7.991802e-02 1.018665e+05
1.535818e-01 1.047533e+04
1.511042e-01 4.048012e+04
9.743213e-02 2.748075e+04
1.814759e-01 5.352905e+04
8.992905e-01 3.313221e+04
1.566547e-01 1.987462e+05
1.543622e-01 7.395121e+03
5.104412e-02 1.981349e+05
5.112025e-02 3.819317e+04
2.269611e+00 3.096815e+05
1.406393e-01 3.093193e+04
4.990593e-01 2.189342e+04
7.071419e-02 2.571978e+05
2.173187e-01 1.384567e+05
8.083932e-01 1.684135e+05
7.172930e-01 6.107992e+04
8.110643e-02 4.188536e+03
1.527995e+00 5.862201e+03
2.897902e-01 3.684479e+04
6.724610e-03 1.590915e+05
1.349890e-01 2.507929e+04
1.781390e-01 1.741060e+03
5.359678e-01 6.099202e+04
3.539837e-01 5.550679e+04
7.260004e-01 4.738439e+04
3.244672e-01 2.536321e+05
1.845244e-01 8.336569e+04
1.396171e-01 3.624429e+03
9.684536e-03 6.493990e+03
3.439228e-01 7.050872e+04
7.025727e-01 1.823851e+05
1.902591e-02 8.495381e+04
7.726345e-02 4.409148e+04
6.320744e-01 1.237621e+04
9.374146e-01 1.814182e+04
2.531354e-01 4.553348e+04
6.317526e-01 2.514460e+05
2.536967e-01 1.027386e+05
1.525137e+00 1.502188e+04
3.337335e-01 3.149849e+05
4.961726e-01 5.625054e+04
1.531008e-01 2.453898e+05
5.721103e-01 1.890756e+05
6.338116e-01 1.466000e+05
7.712509e-01 6.560637e+04
1.796845e-02 1.589455e+05
2.511609e-01 6.895457e+04
5.458440e-01 3.074127e+04
1.455998e-02 2.672943e+04
1.563578e-01 1.488245e+05
1.876273e-01 1.114297e+05
6.611432e-01 2.086567e+03
1.797873e-02 1.121953e+02
2.955271e-01 2.149074e+05
9.251210e-02 3.977257e+04
8.972800e-01 3.311540e+04
6.078025e-01 8.327537e+03
1.091525e+00 6.522434e+04
8.876738e-03 1.706696e+05
3.482124e-02 9.630238e+04
2.762193e-02 1.017473e+05
2.652796e-01 1.163406e+05
3.923234e-01 6.920254e+05
2.169149e-01 2.554184e+04
8.721451e-01 2.198607e+05
1.783905e+00 2.133540e+05
1.320108e-01 1.416542e+04
5.127387e-02 3.271828e+05
6.989057e-02 3.478857e+04
6.694040e-01 2.503703e+04
1.124512e-01 3.314679e+04
2.530189e-01 1.724992e+04
1.579278e-01 1.592789e+05
2.194184e-02 1.423648e+05
1.154090e+00 6.843591e+04
6.674037e-01 1.053687e+05
3.136287e-01 7.400762e+04
1.617158e-01 8.438803e+04
2.156640e-02 8.247086e+04
8.972276e-01 1.269026e+05
4.854215e-02 1.466667e+05
1.338658e-01 9.386314e+04
1.778366e-01 5.249428e+04
1.647818e+00 8.660276e+04
5.276513e-01 1.636932e+05
2.019990e-01 1.309843e+05
8.073948e-01 8.051477e+04
1.882746e-01 2.378581e+04
1.493587e-01 4.750248e+04
3.957364e-01 5.432425e+04
7.520662e-01 1.305200e+05
7.432920e-01 1.696362e+04
3.541841e-01 8.957120e+04
3.084603e-01 3.044096e+04
3.959672e-01 9.771503e+04
2.080882e-01 9.508009e+04
8.863700e-01 1.098966e+04
2.723123e+00 7.072182e+03
1.348806e-01 5.330972e+05
2.784283e-01 3.238648e+05
2.889052e+00 5.484189e+04
4.748517e-02 7.420304e+03
4.715721e-01 1.042706e+05
3.687136e-02 1.006878e+05
1.462558e-01 3.600182e+05
1.247404e-01 3.574789e+03
2.858824e-01 5.822297e+04
1.788557e+00 1.076790e+05
5.617498e-01 5.025005e+04
5.332194e-02 7.813703e+04
5.497973e-02 1.094514e+04
6.241334e-01 3.053233e+05
1.243188e-01 8.911343e+04
5.400910e-02 3.847238e+05
8.438538e-01 4.538097e+04
2.160890e-01 6.931335e+03
5.308128e-01 1.146498e+05
1.364425e+00 2.566101e+04
1.968510e+00 1.460439e+04
4.054099e-01 1.144892e+05
4.591842e-01 1.394342e+05
3.467283e-02 1.196414e+05
3.797786e-01 6.927175e+04
9.900501e-02 1.102368e+05
3.598924e-01 1.243217e+04
1.042807e-01 7.368915e+04
1.722299e-02 1.793548e+05
3.802056e-03 1.830428e+05
1.032028e+00 1.067305e+04
6.427804e-01 1.550554e+04
1.927945e-01 1.478832e+05
1.015577e+00 3.810398e+04
1.457853e+00 1.646659e+05
1.060495e+00 2.988654e+04
5.217865e-01 4.160117e+05
4.096500e-01 3.003980e+03
9.409625e-02 1.123383e+05
4.487528e-01 1.071628e+04
2.226896e-01 1.236669e+05
7.703245e-02 1.552591e+05
5.747245e-01 1.287692e+05
1.406915e+00 3.893179e+03
1.614466e-01 9.147659e+03
4.825482e-01 1.277004e+05
6.689957e-02 1.037889e+04
5.664526e-01 1.405010e+05
8.444057e-02 3.187078e+04
5.354445e-01 1.541761e+05
7.432744e-01 3.339557e+05
3.677107e-01 1.847747e+05
2.378889e+00 2.191198e+04
4.133733e-01 7.211815e+04
3.968433e-01 1.852316e+04
1.276478e-01 3.426270e+03
1.240285e-01 2.101702e+04
4.812086e-01 1.532522e+05
4.641971e-01 3.257694e+04
8.176395e-02 1.504434e+05
1.065894e+00 6.431344e+04
8.685321e-01 2.589896e+04
1.516647e-01 4.036971e+04
1.745639e-01 2.921792e+04
1.830504e-01 7.077594e+04
2.996281e-01 4.148194e+04
1.422807e+00 1.896277e+05
3.058080e-01 3.892698e+04
5.664970e-02 1.120179e+05
1.955810e-01 5.840684e+04
2.998330e-01 6.156129e+04
1.981867e-01 1.052295e+05
9.461489e-02 3.452950e+03
2.992841e-01 1.451269e+05
9.085452e-02 1.107241e+05
1.536463e+00 8.359057e+04
7.577918e-01 3.838895e+04
1.576054e-01 2.343332e+05
4.700826e-01 3.932690e+03
2.621325e+00 1.150525e+05
2.778058e-01 1.174900e+05
1.417127e-02 9.637484e+04
1.538065e-01 1.387204e+04
1.824965e-01 3.244999e+04
3.863434e-01 2.757073e+04
2.761115e-01 1.566240e+05
6.357881e-01 2.297850e+05
1.201203e-01 1.177884e+04
9.665051e-01 8.353729e+03
6.666933e-02 8.582917e+04
8.158338e-02 9.568772e+04
9.508709e-02 1.400153e+05
1.494828e+00 2.764849e+05
1.804288e+00 5.798494e+04
1.542920e-01 1.108945e+05
8.294854e-02 2.472501e+05
1.076145e-01 6.691107e+04
4.592534e-01 2.068515e+05
1.036932e-01 1.167910e+05
1.114282e+00 7.933713e+04
3.213950e-01 7.101991e+04
5.805401e-03 5.137086e+04
1.016413e+00 5.729763e+04
1.322206e-01 7.913172e+03
5.439854e-02 7.638739e+04
4.945934e-01 1.211237e+05
1.344004e+00 6.767954e+04
9.811096e-01 5.062708e+04
5.895826e-02 2.701597e+05
1.778232e-01 3.303052e+05
4.037696e-01 1.030510e+05
3.568815e+00 1.176354e+05
5.214333e-01 2.221798e+04
7.613041e-02 4.857161e+04
1.982439e-01 8.125723e+03
4.358265e-01 7.173201e+02
2.031694e-01 2.200041e+05
2.216551e+00 2.584920e+04
5.350172e-01 1.262737e+02
7.601631e-01 3.925271e+04
1.426772e-01 7.015474e+04
9.893958e-01 3.986955e+04
3.347283e-02 1.141370e+05
5.978663e-01 8.274674e+04
1.408300e-01 8.199181e+04
2.998413e-01 7.896517e+04
1.270526e-01 2.291112e+05
6.063867e-01 3.414386e+04
5.895141e-01 2.412177e+05
7.510372e-01 3.577057e+04
1.369128e-01 4.721981e+05
1.022982e-01 4.378695e+04
1.033513e-01 1.949301e+04
2.809313e-01 2.189864e+05
1.817599e-01 1.115297e+05
4.285573e-01 1.141484e+05
3.023187e-01 1.383592e+05
1.973606e-01 9.338977e+04
1.379159e-01 1.530073e+05
8.573791e-02 8.971304e+04
4.422015e-01 7.627662e+04
5.149538e-01 1.067626e+03
1.251429e+00 2.044442e+05
7.404812e-01 9.609699e+03
9.597152e-01 3.749822e+04
8.601993e-01 4.172720e+04
4.392756e-01 2.247336e+05
1.454602e+00 1.950705e+05
5.457398e-02 6.345686e+04
1.014070e+00 4.766803e+04
2.755010e+00 2.557560e+05
9.669271e-01 3.191898e+04
1.700186e-01 1.180093e+05
1.092002e+00 1.123372e+04
9.271731e-01 7.138320e+04
1.429209e-01 2.070866e+05
1.115797e-01 7.015281e+04
2.537860e-01 4.094155e+04
1.259332e+00 5.084542e+03
5.392548e-01 1.344357e+05
2.143327e+00 8.105933e+04
5.677552e-02 3.351485e+05
2.607154e-02 1.389227e+05
2.591146e-01 3.440887e+04
2.397878e-01 3.486831e+04
5.682086e-01 8.126186e+04
7.918750e-01 3.904666e+04
8.853335e-02 6.187567e+04
1.470277e+00 5.190746e+04
1.900679e-01 4.122682e+04
2.340676e-01 9.418042e+04
1.015261e+00 9.529482e+04
3.589600e-01 6.268270e+04
8.859286e-02 1.111361e+05
3.893282e-02 7.180752e+03
1.978828e-02 2.648116e+04
7.614090e-01 2.325811e+04
1.546494e-01 1.933860e+05
7.861885e-01 5.592029e+04
5.684197e-02 2.832732e+04
1.056463e+00 2.413138e+05
3.506444e-01 1.417806e+05
1.281978e-01 8.690872e+04
1.013211e+00 1.475069e+04
1.071932e+00 2.700292e+04
5.800105e-03 1.060527e+04
