2.944654e-01 1.956017e+05
3.479419e-01 9.060575e+04
7.578046e-01 8.496132e+04
8.643441e-01 6.281301e+04
3.470053e-02 3.722399e+05
5.049575e-01 4.361770e+04
9.859284e-01 2.934405e+05
4.017586e-02 3.831845e+04
1.614186e-01 2.372934e+05
2.060405e-01 9.985937e+03
4.062614e-01 1.632334e+05
8.830775e-02 2.052148e+05
2.034703e-01 1.336363e+03
6.458315e-01 3.069440e+04
4.961619e-02 2.487243e+04
1.340687e-01 1.091354e+05
2.003082e-01 6.509768e+04
1.441657e-01 1.211020e+05
2.139452e-01 5.293836e+04
1.982944e-02 1.650078e+04
2.636697e-01 5.670671e+04
2.708061e-01 4.112224e+04
3.185804e-01 2.334066e+04
5.619984e-01 8.566728e+04
5.996347e-01 1.119566e+05
3.356589e-01 1.974337e+05
2.094858e-01 1.079792e+05
1.881134e-01 1.229188e+05
1.294344e-01 1.600295e+03
2.197012e+00 1.985751e+05
3.015082e-01 3.859022e+04
4.035729e-01 4.932081e+04
3.539751e-01 1.126913e+05
6.337817e-01 1.104431e+04
7.541010e-01 2.892848e+04
1.215243e-01 1.180584e+05
1.797354e-01 5.308371e+03
1.508632e+00 1.591373e+05
8.789750e-02 1.149150e+05
7.254670e-03 5.907873e+04
3.910870e-01 1.009906e+05
5.076235e-01 1.890714e+05
7.219621e-01 1.346878e+04
2.817062e-01 6.016583e+04
3.251616e-01 4.051269e+04
1.905399e-02 5.809227e+04
1.691044e-01 7.258209e+04
1.591504e-01 1.562375e+05
2.064421e-01 7.705694e+04
1.390639e-01 2.190549e+05
6.525475e-02 7.829029e+04
7.952041e-01 1.864119e+04
4.683576e-02 2.107673e+04
2.361578e-02 3.859949e+05
8.999993e-01 6.222603e+04
4.300689e-01 2.172870e+05
1.761428e+00 2.825045e+04
2.389136e+00 1.168259e+05
3.022631e-01 2.187542e+05
1.635454e-01 1.350136e+05
1.144875e-01 2.366643e+04
7.763579e-02 1.203750e+04
1.392392e-02 3.872511e+04
3.522187e-01 1.155302e+05
4.655713e-02 1.916972e+05
1.080255e+00 4.779573e+05
1.134369e+00 1.794901e+05
3.978725e-01 1.539253e+04
1.033821e-01 1.837404e+05
9.026348e-01 3.731470e+05
7.146948e-01 2.438862e+04
1.171792e-01 3.604622e+04
4.561518e-01 1.629517e+05
3.980616e-02 5.789646e+04
2.429503e-01 1.700280e+05
6.223176e-02 1.522378e+05
5.562458e-01 6.293058e+04
4.582376e-02 1.800334e+04
5.198839e-01 3.915744e+04
1.244777e+00 1.127870e+04
9.605707e-01 1.036857e+05
8.973178e-01 8.074698e+04
1.221123e+00 2.751063e+03
1.713542e-01 1.796151e+04
6.739662e-01 4.104008e+03
3.384795e-01 3.642876e+05
6.197782e-01 3.977236e+04
7.484362e-02 1.053517e+04
3.696320e-01 2.955126e+05
7.702864e-02 4.472252e+04
1.992347e-01 1.089030e+04
2.182661e-02 4.663003e+04
2.771521e-02 1.663342e+04
3.760312e-02 7.515441e+04
5.307329e-02 3.115066e+04
4.712186e-01 3.899282e+04
7.895352e-02 5.353627e+04
3.617707e-01 3.015404e+04
1.478170e-01 1.953745e+05
1.434081e-01 9.243553e+04
9.676640e-01 9.402986e+04
1.042885e-02 8.603892e+04
1.041212e+00 1.527467e+05
1.884001e+00 1.243402e+05
1.266845e+00 7.058729e+04
2.387441e-01 3.746506e+05
1.374868e-01 7.915509e+04
8.740532e-02 2.833862e+04
1.382449e+00 1.159802e+05
1.054971e+00 6.726641e+03
1.332342e+00 2.761115e+05
1.341285e+00 2.130107e+04
4.219328e-01 1.204667e+05
1.346918e-01 5.710551e+03
4.645010e-01 2.703373e+05
8.044326e-01 4.613526e+04
7.444534e-01 9.676550e+04
8.895496e-01 1.781807e+04
2.144485e-01 4.799938e+04
1.084178e-01 1.873184e+05
1.838471e-01 2.064847e+05
1.227660e-01 1.707518e+03
1.306242e-01 1.339974e+05
4.063081e-02 1.990433e+05
7.994650e-01 2.054458e+04
1.779883e-01 4.380576e+05
1.023878e+00 4.892387e+04
1.285863e-01 1.059198e+05
4.598812e-02 3.727535e+04
8.639965e-01 2.004972e+05
8.903790e-01 3.393517e+05
4.075508e-02 4.049046e+04
1.065190e+00 4.348981e+05
1.576961e-01 2.168868e+04
1.280989e+00 7.025926e+04
1.874456e-01 1.405716e+05
1.289427e-01 4.858014e+04
1.710301e+00 7.633139e+04
2.362176e-01 8.592095e+04
2.257217e-01 1.515586e+05
1.562342e-01 8.675324e+04
2.761243e-01 6.637001e+04
2.441012e-01 5.702721e+04
4.382331e-02 2.244012e+04
1.667980e-01 9.439354e+04
8.340622e-01 1.881654e+05
4.147953e-01 3.169918e+04
2.702716e-01 2.857282e+03
4.641175e-01 2.373261e+05
1.507551e+00 4.076909e+01
1.111560e+00 1.044084e+04
1.854116e+00 9.673073e+04
1.352853e+00 8.782836e+04
3.149704e-01 2.110517e+05
3.235081e-01 3.225369e+05
1.116858e+00 2.550032e+05
1.317041e-01 1.402525e+04
1.118653e+00 9.637336e+04
2.666414e-02 4.363447e+04
1.825596e-01 9.785429e+03
5.009360e-01 2.121943e+04
1.091837e-01 2.111370e+04
1.882444e-01 6.057837e+04
2.089710e-01 3.978644e+04
2.375236e-01 3.287102e+04
5.409796e-02 4.127097e+04
4.290709e-01 6.844824e+03
9.768919e-01 5.027212e+04
2.159771e-02 4.372457e+04
2.697393e-01 3.048791e+05
6.417591e-01 2.239571e+05
2.156957e-01 4.070534e+04
1.383049e-01 1.654190e+04
3.936636e-01 1.000106e+05
1.152501e-01 1.915208e+05
1.325988e+00 1.135269e+04
6.027636e-01 1.498145e+04
4.102067e-01 3.586435e+05
2.086314e-01 6.263448e+04
5.631819e-01 2.988218e+03
1.903589e-01 3.375573e+04
5.885285e-02 3.563985e+05
7.739646e-01 7.272211e+03
6.991411e-01 3.810070e+05
8.020946e-02 3.094240e+05
8.347667e-01 2.071326e+05
5.898252e-02 7.909518e+03
9.576766e-01 1.666997e+05
1.361527e-01 9.495109e+04
7.000765e-02 1.330446e+05
1.714603e-01 3.727048e+05
5.057087e-01 9.049745e+04
1.351868e+00 1.152550e+05
2.317905e-01 5.252678e+04
6.360582e-01 2.989325e+04
1.009383e-02 3.550728e+05
1.439304e+00 5.683370e+04
9.543015e-01 1.079984e+05
1.350993e+00 1.430993e+05
3.333523e-01 1.111986e+05
2.536169e-01 1.790133e+05
1.827439e-01 1.730397e+05
8.690733e-02 1.061782e+05
1.433723e-01 1.081360e+03
5.845873e-01 2.054986e+04
2.851040e-01 7.500631e+04
7.303894e-01 4.005773e+04
1.320384e+00 2.958880e+03
2.084138e+00 3.280266e+03
1.993416e-02 7.125097e+04
7.761835e-01 1.085367e+04
3.284423e-01 1.086033e+05
1.166258e-01 1.617082e+04
1.354178e-01 5.058867e+04
3.032364e-01 2.954549e+04
9.784646e-01 1.628952e+05
7.181578e-01 3.135704e+05
8.041240e-01 2.421099e+04
1.889726e-01 3.621821e+04
1.195673e+00 9.789488e+04
2.256969e-01 4.183186e+04
2.421322e-01 6.394319e+03
2.076056e-01 1.181114e+05
5.128658e-01 1.862435e+05
5.946683e-01 6.811914e+04
1.620158e+00 1.420436e+04
5.251972e-01 1.151438e+05
1.814237e-01 7.165974e+04
3.644210e-01 1.653637e+04
1.925808e+00 3.442776e+04
3.583597e-01 1.938884e+05
5.102755e-01 1.027164e+03
2.660882e-01 1.624040e+05
3.646966e-02 2.120065e+05
1.999946e-01 4.322009e+04
3.139688e-01 1.166123e+05
1.360366e-01 2.987552e+05
2.159271e-01 4.121004e+04
9.623686e-03 4.485839e+05
3.596815e-01 1.192447e+04
5.506713e-02 3.543769e+05
1.793237e+00 3.995801e+04
6.476248e-01 1.423655e+05
6.851318e-02 2.115906e+05
4.930783e-01 1.097675e+04
3.569526e-01 1.616788e+05
3.926630e-01 4.186852e+04
2.882333e-01 3.423652e+05
1.133174e-01 2.430283e+05
7.971363e-02 1.919613e+04
1.070152e+00 6.236603e+04
1.342125e+00 1.323221e+05
2.659089e-01 4.470135e+04
1.916031e-01 3.095398e+05
4.075345e-01 4.418609e+04
4.958250e-01 2.755181e+05
3.595561e-01 3.265706e+04
6.062508e-01 4.808546e+04
2.901809e-01 7.976575e+04
2.311853e-01 3.744650e+05
2.896675e-01 2.748144e+05
5.460348e-01 4.673469e+04
2.954872e-01 1.414551e+05
3.300700e-02 3.971707e+05
1.089779e-01 2.654606e+05
4.155121e-02 1.738561e+05
1.059148e+00 1.022945e+05
2.686411e-01 1.595095e+04
3.000853e-01 6.943804e+04
8.212622e-02 6.767782e+04
1.065232e-01 4.857229e+04
2.810907e-01 1.582715e+04
9.764134e-02 3.352879e+04
3.844618e-01 1.661830e+05
5.121455e-01 8.020498e+04
5.387610e-01 3.038507e+05
3.266662e-01 3.191341e+04
1.031771e-01 1.083910e+05
1.836085e-01 2.646333e+05
5.614555e-02 7.009004e+04
1.177761e+00 6.663189e+04
1.751340e-01 1.132912e+05
6.607886e-01 3.469268e+04
3.504665e-02 7.495510e+04
5.704369e-01 2.626391e+04
7.926434e-01 4.170047e+04
3.897774e-01 1.223543e+05
4.805092e-01 6.089195e+04
1.099415e+00 3.326947e+05
7.876796e-03 1.749115e+05
3.829924e-01 1.186212e+05
1.309300e-01 2.036308e+05
5.138982e-02 4.999096e+04
4.927537e-01 3.016699e+02
1.163051e-02 2.908877e+05
6.336709e-01 1.577289e+05
2.906504e-01 1.466022e+05
2.311111e-01 8.462553e+03
1.836951e+00 2.272124e+05
4.984520e-01 3.428091e+04
3.728551e-01 7.656448e+04
2.037178e-01 9.999424e+04
3.533725e-01 9.217427e+04
2.502507e-01 1.314589e+05
3.864768e-02 2.335599e+04
5.564658e-01 2.001583e+04
5.238930e-01 4.038613e+04
1.343330e-01 1.370857e+05
8.044433e-01 2.153123e+04
3.884429e-01 1.064183e+05
1.274954e+00 4.817452e+04
6.584620e-01 5.054902e+03
1.287094e-01 2.461633e+05
5.652268e-01 8.996652e+04
5.118115e-01 1.142408e+05
1.235792e+00 4.392758e+04
2.761870e-01 9.035630e+04
7.875331e-01 1.480233e+04
7.712666e-02 1.812844e+04
2.847546e-01 8.524860e+04
7.557994e-01 2.116312e+05
2.537551e-01 3.084334e+05
9.612433e-01 1.992592e+05
4.169250e-01 5.681296e+04
5.879450e-02 1.009002e+05
7.264573e-01 2.060446e+04
2.383824e-01 1.081932e+05
9.825377e-01 2.953843e+05
5.366784e-01 4.437561e+04
5.511094e-01 1.834229e+05
3.244269e-01 4.471713e+04
3.562017e-01 5.657036e+04
2.618586e+00 3.015733e+04
1.023137e+00 2.500504e+05
3.609337e-02 1.767447e+04
9.503279e-01 1.087084e+05
1.111025e+00 1.094210e+04
9.699913e-01 2.126595e+05
3.468014e-01 5.713030e+04
2.078891e-01 6.239992e+03
7.027950e-01 6.680350e+04
2.814841e-01 6.250446e+04
7.739542e-01 1.075599e+05
8.996797e-02 1.698942e+05
1.307778e+00 7.599544e+04
1.785421e-01 1.608406e+05
6.448592e-01 7.113415e+04
4.686948e-01 2.388243e+05
1.972006e-01 3.953149e+03
1.132739e+00 4.679549e+04
1.666078e-01 2.192072e+04
1.852160e-01 5.434235e+04
1.840826e-02 4.014654e+04
1.210460e-01 3.818752e+04
2.984458e-01 1.175995e+05
7.343031e-01 1.393316e+05
9.271739e-01 1.663554e+05
2.554468e-01 9.968592e+04
3.185441e-01 1.232443e+05
4.764212e-01 3.106679e+04
1.720352e-01 2.221159e+05
1.678559e-01 6.322418e+04
1.175564e-01 4.114655e+04
2.894388e-02 1.054657e+05
7.527507e-01 1.193155e+05
4.379679e-01 3.228740e+05
1.339754e+00 1.882382e+05
7.642912e-01 8.326324e+04
8.840297e-02 6.948981e+03
6.491572e-01 1.721674e+04
1.718404e-01 1.961451e+05
5.827653e-01 2.383263e+04
2.648417e-02 1.656070e+05
3.886187e-01 2.960591e+05
3.005542e-01 7.085485e+03
1.187434e+00 2.212596e+04
1.366429e-01 3.577320e+04
1.644789e+00 3.195515e+04
1.271343e+00 3.477731e+05
5.191850e-01 1.568088e+05
2.220543e-01 2.156979e+05
4.223657e-01 3.947784e+04
9.463384e-03 4.933434e+04
6.008648e-01 3.644444e+05
5.106336e-01 3.758694e+04
1.082086e-01 1.257806e+05
4.135054e-01 8.488325e+04
9.221911e-01 1.230545e+04
5.333437e-01 5.331895e+04
5.202662e-01 2.298630e+05
1.319897e-01 1.704087e+05
1.069743e-01 2.083751e+03
4.119585e-01 5.562819e+03
6.917538e-01 5.756862e+04
1.402629e+00 2.745384e+04
2.887868e-01 2.071458e+04
1.381864e-01 2.969673e+05
2.340728e+00 2.812278e+04
1.170933e+00 4.095542e+04
6.835567e-01 9.981536e+02
6.252384e-01 2.841213e+04
7.163475e-02 8.364508e+04
1.426746e-01 4.120291e+04
1.457563e+00 1.172822e+05
6.731836e-03 1.458289e+04
9.840299e-01 4.092489e+04
4.305035e-01 6.947665e+04
1.682758e+00 2.047840e+04
1.048446e-01 2.976439e+05
6.678785e-01 4.706954e+04
3.666782e-01 1.523078e+05
6.820872e-03 5.336745e+04
9.624070e-01 1.601848e+04
3.609909e-01 4.252016e+03
1.572139e-01 1.962645e+04
2.568749e-01 1.779946e+05
3.606850e-02 1.150837e+04
4.501432e-01 1.448315e+05
1.736588e+00 2.767403e+04
3.342110e-01 1.533801e+05
6.278065e-01 1.685797e+04
4.087451e-02 3.195043e+05
1.646048e-02 3.574994e+04
1.530888e-01 8.730835e+04
7.082669e-03 2.413528e+04
2.692827e-01 1.601850e+05
4.527838e-01 1.053386e+05
1.077042e+00 4.683555e+04
3.911126e-01 3.187370e+04
2.805307e-01 2.403890e+03
1.324873e-01 1.561888e+04
3.104463e-01 6.001067e+04
6.880551e-01 8.104908e+04
6.829156e-01 4.461970e+04
1.788426e-03 8.001383e+04
3.357184e-01 3.066211e+04
1.364577e+00 1.193242e+05
1.970878e-01 2.424952e+04
4.013693e-01 2.059629e+04
5.138971e-01 1.193477e+05
1.672908e-01 1.995115e+05
3.381619e-01 1.616091e+05
5.942653e-01 1.702267e+04
9.063914e-01 3.661997e+03
4.039386e-01 2.052636e+04
2.203025e-01 1.022881e+05
1.071552e-01 1.098922e+05
2.390266e+00 1.405322e+05
4.545617e-01 8.068501e+04
4.342029e-01 1.026240e+04
4.536200e-01 1.235066e+05
2.983881e-01 9.348664e+03
7.584483e-01 2.128455e+03
5.056526e-01 1.184598e+04
1.588706e-02 1.088829e+05
9.404701e-01 1.493663e+05
6.017085e-01 3.394560e+03
3.937147e-01 1.080326e+05
1.635449e-01 2.993498e+04
9.389107e-01 2.388688e+04
5.558256e-01 2.150996e+05
4.877778e-01 1.191026e+05
1.824387e-02 4.693121e+04
1.253835e-02 1.336008e+05
7.409306e-01 1.231470e+05
1.798756e-01 4.138495e+03
5.541681e-01 2.736599e+04
3.685790e-01 1.250826e+05
4.562779e-02 7.400817e+04
4.884405e-01 4.496404e+04
5.724805e-01 3.465295e+04
1.236757e-01 1.604095e+05
5.002289e-01 7.933030e+02
8.163801e-01 2.189254e+05
1.068979e+00 1.672402e+05
5.947426e-02 1.758663e+05
4.012424e-01 1.147222e+05
6.993967e-01 7.711182e+04
2.033001e-02 6.021784e+04
7.217289e-01 6.720491e+04
1.690303e-01 2.301309e+04
3.274366e-01 3.483284e+04
7.074243e-01 4.096064e+04
1.535188e-01 4.707271e+04
4.394620e-01 1.346457e+04
8.631541e-01 5.748828e+04
5.249691e-02 4.262481e+03
2.972316e-01 2.636507e+05
9.150654e-02 7.609309e+03
8.277296e-01 8.294050e+04
9.565519e-02 4.787722e+04
5.713689e-01 6.390420e+04
5.486843e-01 8.542092e+04
8.749504e-01 2.258405e+05
3.512324e-01 6.125618e+04
4.242022e-01 7.875496e+04
9.156955e-01 2.944198e+05
1.496954e-01 2.132756e+04
7.027734e-01 3.211130e+03
1.744822e-01 4.111066e+04
2.331131e-02 4.398400e+04
4.947502e-01 2.738601e+05
7.801832e-01 4.266361e+05
5.780717e-01 3.053164e+05
3.079366e-01 2.975855e+04
2.439659e-01 9.548080e+04
1.689329e+00 5.587901e+04
4.782234e-01 1.680123e+04
3.503642e-01 7.816594e+04
2.423750e-01 6.068527e+03
2.071880e-01 1.026170e+05
2.829467e-01 1.199490e+05
1.215546e-01 3.824960e+03
6.026292e-01 4.014835e+05
7.280432e-01 3.732473e+04
4.900927e-01 3.259009e+04
5.435113e-02 9.339771e+01
3.984052e-01 1.052489e+05
2.661762e-01 2.756165e+04
1.073807e-01 2.225593e+05
1.406851e-01 7.313031e+04
1.298149e+00 9.337013e+04
6.184757e-01 9.027212e+03
1.906494e-01 2.803049e+05
1.523043e-01 5.076067e+04
5.733590e-01 1.642476e+04
1.129856e-01 2.899780e+04
1.985197e-01 5.126111e+05
7.175309e-01 1.286993e+05
