9.483012e-02 1.450082e+05
7.583687e-01 3.648338e+05
2.020521e-01 1.868229e+05
5.138992e-01 6.739893e+04
6.597008e-01 1.006018e+05
5.746074e-01 1.256480e+05
2.821388e-01 8.032983e+04
8.484303e-01 1.032292e+05
1.642273e-02 8.319871e+04
6.259952e-01 4.992621e+04
3.944944e-01 2.181204e+05
4.475232e-01 7.850792e+04
1.788282e-01 2.340090e+03
3.125592e-01 7.813654e+04
6.083687e-01 3.300806e+05
1.549905e+00 4.163607e+04
1.653059e-01 5.640467e+04
3.145163e-02 1.464809e+04
1.150856e-01 1.834755e+04
6.762046e-01 1.165723e+05
1.172970e+00 4.607411e+04
8.449319e-01 6.196337e+04
9.410182e-01 1.891185e+04
6.923744e-01 1.474200e+05
3.187536e-01 2.065869e+04
5.074539e-02 3.499934e+04
2.522958e+00 2.352408e+03
6.675075e-01 5.657544e+04
4.908237e-01 6.835745e+03
1.143102e+00 1.823708e+04
3.622865e-01 2.556477e+04
4.555848e-01 2.110592e+05
1.277910e-01 2.409106e+05
5.551970e-01 1.191136e+05
1.503306e+00 1.170103e+05
3.606571e-01 1.289380e+05
1.503087e-01 7.923676e+03
1.112863e+00 1.374328e+05
8.878532e-01 2.574297e+04
7.630378e-02 9.054907e+04
1.020924e-01 5.487096e+04
1.340730e+00 4.269594e+04
5.004662e-01 3.356802e+05
5.156743e-01 5.225611e+04
4.852042e-01 7.189958e+04
1.015389e+00 5.144642e+04
7.589838e-01 1.426651e+04
1.207897e-01 8.111274e+04
3.892061e-01 1.186609e+04
8.740823e-02 1.491400e+05
1.745159e-01 2.753157e+05
7.210788e-01 1.079151e+04
1.627431e-01 2.428418e+03
3.161741e-02 2.811123e+05
3.412840e-01 1.485748e+04
2.318757e-01 4.737762e+04
3.616307e-01 8.575511e+04
5.010155e-01 1.694383e+04
7.888128e-01 8.752973e+04
1.359829e-01 3.459342e+05
1.102896e+00 2.306278e+05
3.130134e-02 3.192585e+01
2.143294e-01 6.647132e+04
5.786238e-01 1.132989e+05
2.878703e-03 3.381518e+04
6.933188e-01 2.120700e+04
6.453130e-01 7.115237e+04
1.272741e-01 4.681392e+04
3.933191e-03 4.886621e+03
1.020062e+00 2.490494e+05
1.825214e-01 5.498164e+04
6.113142e-01 1.555326e+05
6.739097e-01 1.297222e+05
3.204792e-01 3.141242e+04
9.551302e-01 1.354332e+05
1.296680e-01 2.650066e+04
1.425243e-01 5.278262e+04
6.910069e-01 2.305169e+04
6.754664e-01 1.998947e+04
1.421979e-01 4.239120e+03
3.460822e-01 2.508501e+03
5.879627e-01 4.183332e+02
3.208983e-01 1.266690e+05
4.085713e-01 9.196464e+04
7.917287e-01 3.589753e+04
1.612693e-01 1.275075e+05
2.174181e-01 9.078432e+04
5.625510e-01 9.965963e+04
1.407710e-01 7.613564e+04
2.635275e-01 8.773955e+04
4.066666e-02 5.849033e+04
9.736096e-02 7.159270e+04
1.183277e-01 9.972947e+04
5.878287e-01 3.225116e+05
8.968855e-01 1.695697e+05
5.751460e-01 2.498305e+05
3.124529e-02 1.766448e+05
9.671865e-02 3.543705e+04
3.649475e-01 1.509793e+05
1.047034e-01 3.299458e+05
9.429285e-02 1.792566e+04
1.369883e+00 2.709972e+04
4.431989e-01 3.955556e+04
3.651949e-01 3.198565e+03
2.899842e-01 1.271239e+05
3.428260e-01 1.065640e+05
1.358442e+00 6.605733e+04
1.679327e-01 2.422412e+05
1.411684e-02 8.772332e+04
1.581632e-01 2.054242e+05
5.640448e-02 2.671476e+05
1.257396e+00 8.888073e+02
4.070584e-01 6.952741e+04
1.249814e+00 1.021232e+05
3.611679e-01 5.885343e+04
6.654189e-01 1.417702e+05
2.435542e-01 4.115944e+05
3.261560e-01 1.422301e+05
6.226340e-01 2.002624e+04
4.576236e-02 1.592959e+05
9.968002e-02 6.313711e+03
1.706985e-01 4.118075e+04
1.327198e-01 4.207365e+04
2.093131e-01 3.325668e+04
4.714570e-01 7.245132e+04
3.444143e-01 1.067307e+05
2.509319e-01 4.132546e+04
1.448137e-01 7.932595e+04
9.118292e-01 1.199092e+05
3.568754e-01 1.167469e+04
1.633805e+00 4.143180e+04
4.549170e-01 1.610978e+05
6.503067e-01 7.373045e+04
3.204059e-01 2.708568e+05
2.791057e-01 7.978861e+04
3.871277e-02 1.869922e+05
1.116480e+00 1.218362e+05
5.344238e-01 1.576815e+05
9.890134e-01 3.040523e+04
9.062728e-02 2.823883e+05
2.160825e-01 3.953229e+04
2.745190e-01 5.311629e+04
4.404086e-01 1.149742e+03
1.761103e+00 4.616288e+04
7.418898e-03 1.523470e+04
1.127308e-01 1.879993e+05
5.673461e-01 3.030353e+04
5.651196e-02 6.048789e+04
3.845728e-02 2.996424e+04
6.174595e-01 1.915713e+05
2.296557e-02 1.766524e+03
9.379464e-01 4.868549e+04
1.017866e-01 7.007978e+04
5.885350e-03 2.071998e+05
1.615923e-01 8.331041e+04
7.219955e-01 1.324330e+04
4.265001e-01 8.073189e+04
8.157818e-02 9.119029e+04
3.808303e-01 1.149314e+05
3.790668e-01 7.918215e+04
4.613298e-01 1.114816e+05
1.163742e-01 4.793151e+04
3.227956e-01 6.686258e+04
8.579725e-02 9.913801e+03
5.322840e-03 5.433572e+02
5.634369e-02 8.097036e+04
1.038982e-01 2.006515e+05
5.381845e-01 4.723155e+02
6.749261e-01 2.553256e+04
1.190618e-01 3.741324e+04
8.684968e-01 1.674617e+05
1.336974e-01 1.887516e+04
6.336291e-02 2.570530e+04
6.377277e-01 1.022741e+04
4.877152e-01 4.328877e+04
2.584843e-01 3.691803e+05
1.873142e+00 8.208900e+04
1.488755e-01 1.452420e+05
4.431140e-01 2.206932e+05
7.617122e-02 1.008318e+05
2.195203e-01 3.625630e+04
2.324603e-01 3.138233e+05
7.402131e-02 5.758565e+03
1.310510e-02 1.687939e+04
1.059429e+00 1.743189e+05
6.984593e-01 1.309054e+03
3.429105e-01 1.529969e+05
5.549502e-01 6.798245e+04
4.188469e-01 8.177395e+04
2.021712e+00 3.212438e+05
2.766199e-01 3.289780e+04
1.438531e-01 6.375555e+04
2.392891e-01 2.209746e+05
7.253376e-01 1.860982e+05
3.928806e-01 1.431728e+04
8.874297e-01 1.220590e+05
9.141256e-02 3.347840e+04
1.723396e-01 4.172200e+05
1.062021e-01 1.053246e+05
6.253521e-01 2.401778e+05
8.393998e-01 8.905933e+04
1.537642e+00 1.028151e+04
1.198022e+00 1.811183e+05
1.002583e-01 8.142697e+04
1.879757e-01 2.555631e+04
7.487981e-01 2.405215e+04
3.268670e-01 1.347751e+04
4.469960e-01 1.060507e+05
1.447368e-02 1.354472e+05
1.031026e+00 3.697973e+04
1.817670e-02 5.988598e+03
9.491806e-01 1.230193e+05
4.787667e-01 2.091989e+05
1.012765e+00 2.094277e+05
9.892004e-02 7.496501e+04
1.994658e-02 9.415740e+04
5.293633e-02 6.165363e+04
1.082037e-01 1.020151e+05
1.675022e+00 3.319923e+04
1.829952e-01 2.477475e+04
8.393682e-01 1.960410e+05
1.237325e-01 1.217640e+04
1.464595e+00 5.857765e+03
4.063541e-01 2.525893e+04
1.165398e-01 1.899395e+03
7.554789e-01 1.648689e+04
8.490502e-02 2.062366e+05
2.275642e+00 4.633038e+04
4.539144e-01 4.292613e+04
6.207464e-02 1.220862e+05
7.795701e-02 1.311072e+05
1.377061e+00 8.303760e+04
2.377234e-01 4.115245e+05
5.833199e-02 9.362260e+04
2.586231e-01 2.171595e+03
3.262618e-01 3.378100e+05
2.366318e-01 9.436833e+04
1.678952e-01 9.398219e+04
8.386581e-01 3.413648e+03
6.424321e-01 1.411818e+04
1.508108e+00 8.201492e+04
6.964595e-02 4.787495e+04
3.648514e-01 4.507632e+04
2.038444e-02 2.171063e+05
1.661376e-01 1.450614e+05
8.584759e-01 4.152078e+04
2.488404e-01 3.435496e+03
4.702044e-01 1.970630e+05
1.983015e-01 1.216508e+05
4.361428e-01 3.255003e+05
3.013134e-01 3.419281e+04
5.185595e-02 1.955061e+05
9.714985e-01 4.702223e+04
5.867545e-01 1.400656e+05
2.500660e-01 1.598771e+04
6.442233e-01 2.764290e+04
3.663563e-01 1.807740e+05
8.458610e-01 2.834430e+04
1.816853e-01 2.406693e+04
6.439313e-01 2.758687e+05
7.554714e-01 9.412368e+04
9.889278e-01 1.445506e+05
6.127312e-02 1.052228e+04
9.758902e-01 5.554056e+04
1.803592e-01 3.834220e+03
2.650754e-01 1.326891e+05
1.480843e+00 4.772963e+03
9.143954e-01 8.521080e+04
1.560301e-01 4.544140e+04
1.123433e+00 9.303610e+04
9.209363e-01 1.233332e+04
9.296011e-01 1.754096e+05
1.376617e+00 1.064431e+05
8.259342e-01 1.004872e+05
2.688094e+00 1.648690e+05
2.432420e-01 4.743506e+04
1.373924e+00 1.009519e+05
3.840334e-01 1.249455e+05
8.408496e-01 1.577987e+05
5.338634e-01 6.013523e+04
3.694574e-01 7.859793e+04
3.842236e-01 1.556234e+05
1.690715e-01 7.700520e+04
4.725794e-01 3.902285e+03
3.634897e-01 1.155486e+05
1.912880e-01 9.889830e+04
1.316764e-01 2.351784e+04
2.612649e-02 1.336819e+05
2.499198e-01 8.196586e+04
2.294105e-01 4.165883e+04
6.937129e-02 1.572886e+04
2.438196e-01 1.976887e+04
1.020542e+00 8.267533e+03
5.872500e-01 8.017583e+04
2.294267e-01 1.575774e+05
2.579065e-01 3.632677e+05
1.362972e-02 7.783473e+04
3.019131e-01 9.666325e+04
1.612183e-01 1.269369e+05
7.058259e-01 3.561988e+04
9.382238e-01 2.436743e+03
1.017730e-01 3.975098e+04
1.640097e+00 5.952423e+04
3.346093e-02 2.756127e+04
2.800041e-01 6.979978e+04
1.869508e-01 2.058197e+05
7.602196e-01 6.418618e+04
3.402063e-02 3.095838e+04
5.652988e-01 2.127602e+04
1.569647e+00 4.204167e+04
2.749562e-01 1.009057e+05
9.124944e-01 6.479720e+03
1.349534e-03 1.827183e+05
1.174135e+00 1.434125e+05
2.868831e+00 6.743780e+03
1.164032e-02 2.311712e+04
3.546211e-01 1.553408e+05
1.065368e-01 4.889990e+04
1.876651e-01 2.365210e+04
5.255156e-01 4.708957e+04
2.821336e-02 4.430619e+04
5.441621e-01 1.338624e+05
2.660389e-01 3.972678e+04
7.059566e-01 2.549359e+05
1.185007e-01 2.548145e+03
1.137484e+00 1.234437e+04
2.784413e-01 4.890980e+05
9.500446e-01 1.125725e+05
9.359985e-02 1.568138e+05
1.174530e+00 2.366075e+04
1.931808e-01 3.780809e+05
8.333009e-01 7.893185e+04
5.465631e-02 2.778236e+04
2.102712e-01 7.905126e+04
1.193054e+00 8.518003e+03
5.875052e-01 5.024522e+04
4.179069e-01 8.856375e+04
5.402434e-01 1.852125e+05
7.639898e-01 2.064324e+05
1.939104e-01 2.123728e+05
1.997215e-01 2.118350e+04
1.189117e+00 1.137961e+04
9.396786e-01 5.932610e+04
9.425095e-02 1.229215e+05
4.854645e-01 2.557938e+05
1.865929e-01 6.372755e+04
6.640791e-02 3.840637e+04
2.644830e-01 5.924128e+04
1.815187e-02 1.202906e+05
1.670560e-01 5.064269e+04
1.226351e+00 7.203695e+04
1.580962e-01 3.186037e+05
9.449938e-03 7.902216e+04
1.338420e-01 8.429511e+04
4.441489e-01 1.574082e+05
5.615991e-01 5.808375e+03
4.491068e-01 2.751440e+05
1.348785e-01 3.518673e+04
2.835397e-03 1.584969e+05
4.091169e-01 2.989812e+04
2.187573e-01 6.883659e+04
7.558529e-02 8.654374e+04
5.284153e-01 1.978981e+05
2.692640e-01 4.319363e+04
8.366858e-01 1.165631e+05
4.332360e-02 1.712257e+05
1.387567e+00 1.008665e+05
5.008437e-02 1.388918e+04
3.627862e-01 6.779166e+04
8.079737e-01 2.741214e+03
4.210858e-01 3.413262e+04
2.904800e-01 7.965094e+04
9.355640e-01 3.414095e+04
7.618049e-01 1.989802e+04
2.177382e+00 1.097786e+04
2.224228e+00 4.090223e+03
4.376549e-01 2.080422e+04
1.649013e+00 1.358400e+05
2.223976e-01 9.926902e+04
8.282506e-03 3.040550e+04
5.478390e-01 9.892734e+04
2.595105e-01 9.230196e+03
9.078265e-02 2.446872e+04
1.048788e+00 5.464513e+03
1.214737e+00 1.517174e+04
2.347635e-01 8.034045e+03
6.236631e-01 3.834338e+05
4.309701e-02 9.629761e+04
3.158767e-01 1.700647e+04
4.629857e-01 1.124617e+04
1.125500e-01 1.428094e+05
2.237420e+00 4.189088e+04
4.568296e-02 1.595630e+04
8.740155e-02 5.833003e+04
3.447967e-01 1.110963e+05
6.226797e-02 7.899168e+04
2.006179e+00 1.325518e+05
2.653049e-01 1.519976e+05
3.148121e-01 4.541120e+04
3.223405e-01 2.134596e+05
4.663437e-02 1.658930e+04
2.061342e-01 8.201800e+04
1.104947e-01 1.262411e+05
1.019789e-01 3.939606e+04
3.088621e-01 2.456117e+04
3.148247e-01 8.157662e+04
1.378236e+00 2.072116e+04
1.253868e+00 1.371456e+04
2.138805e-01 2.562007e+04
4.753270e-01 3.222775e+04
6.074050e-02 1.238001e+04
4.222379e-01 1.772426e+05
9.051521e-02 3.171905e+05
1.001294e-01 2.569098e+05
3.326015e-01 7.678572e+04
2.758606e-01 2.116097e+05
1.080158e+00 2.033562e+04
8.445842e-01 5.080110e+04
3.661958e-01 3.543304e+04
7.066351e-01 4.761224e+04
4.053446e-01 2.670509e+04
8.737889e-01 1.241817e+05
7.540765e-01 2.121232e+05
5.612178e-01 1.389013e+05
3.112071e-02 4.918088e+03
3.693007e-01 2.387866e+04
2.968344e-01 6.612423e+03
8.915170e-02 9.325427e+04
1.640355e-02 1.836168e+04
9.993552e-01 1.194315e+05
7.941118e-01 4.977151e+04
2.970124e-01 6.472184e+04
2.361322e-01 1.737101e+05
6.247368e-01 4.061735e+04
2.004402e-02 1.678350e+05
1.573299e-01 1.857201e+04
7.860225e-01 1.319927e+04
8.726348e-01 1.015416e+04
8.620416e-01 6.941095e+04
1.783069e-01 6.936151e+03
1.970040e-01 2.822531e+04
1.267882e+00 1.034520e+05
3.934215e-01 1.814337e+04
3.213928e-01 1.921347e+05
8.898183e-01 6.153522e+04
1.577674e+00 1.810108e+05
5.674764e-01 1.233074e+05
3.225518e-01 1.204696e+05
5.139601e-02 3.324784e+03
1.265435e+00 4.755236e+04
1.063602e-01 1.326426e+05
1.648178e+00 2.261054e+04
4.520134e-01 1.215707e+05
2.741121e-01 7.782771e+04
7.430288e-01 2.656699e+04
2.529460e-01 3.481858e+04
1.406813e+00 1.003395e+05
1.256173e-01 1.151622e+05
4.225155e-01 1.172807e+04
7.723832e-02 2.074752e+05
4.478495e-01 2.360622e+03
4.248609e-01 9.884801e+03
4.236416e-01 5.748763e+04
1.330594e+00 3.582690e+05
2.604493e-02 9.028414e+04
2.978408e-01 2.425699e+04
6.373975e-01 1.932092e+05
2.349536e-01 2.745777e+05
4.675760e-01 1.924717e+04
6.653808e-01 1.780148e+04
4.516371e-01 2.725370e+04
4.113103e-01 2.682498e+05
2.531377e-01 4.158536e+04
5.085799e-01 1.128290e+05
8.868410e-01 7.983341e+03
2.392384e-03 1.141238e+04
4.015601e-01 4.802446e+04
1.224527e+00 5.356209e+04
5.892147e-01 6.203544e+04
2.529005e-02 3.022509e+04
3.925303e-01 9.191994e+04
1.452243e-01 3.017653e+04
7.847184e-02 1.931906e+05
8.628830e-01 1.221139e+04
8.684538e-01 2.294971e+04
2.976626e-01 1.025771e+05
2.437564e-01 5.091090e+04
1.491936e-01 3.075426e+04
9.684973e-02 9.144986e+04
1.225181e-02 1.054886e+05
6.174552e-01 3.236874e+04
9.847199e-01 3.315361e+05
8.064459e-02 5.279352e+04
1.211618e-01 8.886710e+04
4.307557e-01 2.154377e+04
5.560672e-01 2.129669e+04
1.118483e+00 8.349886e+04
1.692380e-01 2.508004e+04
1.300829e+00 1.528016e+05
8.799994e-01 2.372845e+04
2.342848e-01 3.610616e+04
4.163551e-01 4.649712e+04
6.716197e-01 3.709212e+03
2.829243e-01 1.802715e+04
7.989700e-01 1.767794e+05
1.023400e+00 3.683324e+04
3.962354e-01 6.555987e+04
4.483662e-01 6.737458e+04
3.250264e-01 2.200935e+04
5.774862e-02 3.982916e+05
7.970733e-01 2.521520e+05
7.576769e-02 2.560693e+04
1.627706e-01 4.813184e+04
4.787328e-02 1.621424e+05
5.180694e-01 7.630212e+03
9.932525e-02 5.633933e+04
2.627314e-01 1.410715e+05
2.116439e-01 3.977550e+05
1.418432e-01 1.322772e+05
1.405827e+00 2.141457e+04
4.200097e-02 5.984844e+04
4.504832e-01 5.179327e+04
3.115150e-01 1.373888e+05
3.528331e-01 5.275392e+04
8.226099e-02 1.341701e+05
6.678637e-01 1.210470e+05
2.769146e-01 4.710426e+04
3.502823e-01 7.060535e+04
1.456056e+00 1.746131e+04
7.500938e-01 2.495622e+05
4.135716e-01 1.216797e+05
8.738786e-01 6.018901e+04
8.842961e-02 8.173097e+04
1.467915e+00 9.417532e+04
5.991133e-01 7.538327e+04
6.098270e-02 2.303117e+05
9.143310e-01 4.319837e+05
2.218197e-01 1.055705e+04
3.377183e-01 8.769901e+04
8.336155e-01 2.057303e+04
1.084389e-01 6.560517e+04
9.705448e-01 1.218804e+05
8.733621e-03 1.767881e+05
1.613610e-01 5.334235e+04
1.550318e+00 1.606753e+05
8.338873e-01 6.706553e+04
5.922494e-02 1.792990e+04
8.565372e-01 4.579743e+04
8.917112e-01 5.512035e+04
6.904779e-01 8.472264e+04
6.661584e-01 1.183963e+05
5.201221e-01 3.001807e+05
7.378012e-01 1.281932e+05
1.013903e+00 4.900383e+04
4.848297e-01 5.924073e+04
8.893640e-01 3.115381e+05
6.626318e-01 1.165363e+04
1.205305e+00 2.551905e+04
5.632310e-02 1.952606e+05
1.692736e-01 1.267520e+03
7.418251e-02 7.752990e+04
4.330424e-01 6.082308e+04
1.346634e+00 2.809601e+05
1.388978e+00 1.008739e+04
4.636094e-01 1.502756e+05
4.972945e-01 3.193551e+04
2.116495e-01 1.125723e+05
3.509333e-01 4.970282e+04
5.361835e-02 1.727847e+04
2.407560e-01 5.017327e+04
5.963040e-01 2.648145e+05
5.067615e-01 1.040747e+05
