4.729817e-01 6.813201e+04
9.767817e-01 1.245358e+05
2.856394e-01 2.328668e+05
3.692256e-01 2.538755e+04
6.279929e-01 2.187915e+04
2.551653e-01 7.592128e+03
9.311621e-01 1.969140e+05
6.163763e-01 1.693283e+05
9.527337e-02 1.818675e+05
4.383533e-01 1.047322e+05
8.265882e-01 3.765580e+04
2.537195e-01 1.282981e+05
4.377446e-01 2.267229e+05
3.487781e-01 2.286859e+05
5.272351e-02 1.594454e+04
1.752212e-01 3.493747e+04
2.742943e+00 6.221767e+04
8.485082e-01 5.365486e+04
1.233196e-01 1.277803e+05
1.875186e-01 8.912050e+04
2.559949e+00 6.167408e+04
1.341063e-01 1.859633e+04
6.039741e-02 1.323590e+05
3.501595e-01 3.292511e+05
8.538448e-01 2.800807e+04
1.431497e-01 1.347406e+05
8.391085e-01 5.543409e+04
3.789219e-01 1.843941e+04
5.887264e-02 3.786994e+04
3.028152e-01 2.862977e+03
3.488074e-01 2.802349e+03
3.576970e-01 1.366627e+04
1.675385e+00 4.831504e+04
6.820087e-01 1.552769e+04
3.088285e-01 1.857664e+05
3.959439e-01 1.673167e+04
1.224798e+00 1.456085e+05
1.341396e-01 5.496954e+04
3.094590e-02 4.259472e+05
3.639281e-01 5.257770e+05
3.481513e-01 2.051827e+05
5.289916e-01 2.416701e+04
6.275635e-02 6.963491e+04
2.253612e-01 1.077405e+05
1.831255e-01 4.048369e+04
1.585901e-01 1.809184e+05
2.151877e-02 4.637019e+03
4.254883e-01 1.867903e+05
3.892051e-01 8.740384e+02
8.355172e-01 6.951079e+04
1.073898e-01 2.729674e+05
7.214323e-01 7.217159e+03
1.368282e-01 1.531370e+05
1.352249e+00 2.878744e+04
1.916116e+00 3.875056e+04
1.720821e-01 4.964267e+03
3.389059e-01 8.093016e+04
8.639423e-02 3.965447e+04
5.061557e-01 3.873765e+04
1.203411e+00 9.095161e+04
4.566383e-01 1.652165e+05
3.211448e-02 1.520518e+05
1.598855e-01 2.233407e+05
5.376422e-02 5.197267e+04
6.844237e-01 1.988066e+05
1.171479e+00 1.719224e+05
4.452411e-01 2.352963e+05
1.881235e-01 6.168497e+04
1.931676e-01 1.597427e+03
1.309069e-01 5.665905e+04
1.519053e+00 3.342795e+04
2.441910e-01 1.679900e+05
1.097313e-01 7.310036e+04
1.277079e-01 1.463617e+05
8.877839e-02 5.713968e+04
1.707530e-02 2.009458e+04
3.714787e-02 1.622925e+04
2.110355e-01 7.500358e+04
7.672225e-01 2.650672e+02
5.039687e-02 5.029664e+04
9.587575e-02 5.706899e+04
8.348023e-01 4.099184e+04
1.965969e-01 1.546183e+04
2.439838e-01 1.326714e+05
7.260250e-02 6.094584e+04
5.828101e-02 1.669676e+05
1.672635e-01 5.386500e+04
4.979530e-01 8.158082e+04
1.114661e+00 5.996390e+04
2.052461e-01 2.399617e+05
3.645575e-01 1.718596e+05
3.195313e-01 9.125556e+04
8.685860e-01 7.169460e+04
3.711899e-01 2.230966e+05
1.654385e-01 2.254547e+05
2.045120e-01 4.065600e+04
4.346473e-01 2.490125e+05
2.740320e-01 3.265164e+04
1.964021e-01 7.357417e+03
1.725854e-01 1.583848e+04
1.510425e-01 2.175755e+04
7.606813e-01 8.788647e+04
1.586670e-01 5.678338e+03
2.542426e-01 1.996282e+05
7.258507e-01 9.999896e+03
2.091426e-01 1.354175e+05
1.786206e+00 4.336080e+04
2.465342e-01 7.042563e+04
6.982929e-01 4.942787e+04
4.973655e-01 6.925995e+03
5.191494e-01 1.334320e+04
1.565293e-01 1.094322e+04
2.888263e-02 1.475230e+05
2.627226e-01 4.151369e+04
8.707568e-01 6.018667e+04
5.192142e-02 1.385079e+05
8.032971e-03 1.639544e+05
6.232366e-01 4.122857e+04
6.647647e-01 4.565694e+04
2.871774e-01 4.766224e+04
4.039861e-02 2.742152e+03
1.811880e-01 8.698043e+04
2.658550e-01 1.088209e+04
1.945017e-01 2.912063e+04
4.880134e-01 3.077779e+02
1.389150e-01 1.685077e+05
1.784698e+00 1.103009e+05
7.180161e-01 1.071525e+05
6.577612e-02 1.671527e+05
8.022305e-01 1.851929e+04
7.054757e-01 2.342466e+05
4.202313e-01 2.103029e+04
6.399991e-02 4.714404e+05
1.172980e+00 5.501663e+04
7.509020e-01 4.430390e+04
9.719302e-02 6.633424e+04
8.842080e-02 1.170943e+04
1.296051e-01 1.295597e+04
1.761926e+00 8.101172e+03
4.779779e-01 9.871935e+03
1.134345e+00 3.207012e+03
8.514978e-01 1.441443e+05
1.397891e+00 5.310687e+05
2.343420e-01 6.294098e+04
1.639635e-01 2.806651e+04
2.711665e-01 1.516601e+05
2.068449e+00 4.517267e+04
2.040432e-01 6.091039e+04
1.809199e-01 1.182935e+05
2.942509e-02 1.791534e+05
7.480126e-02 7.820885e+04
7.131949e-02 1.320698e+04
1.111368e+00 3.964300e+04
1.200518e-01 2.632762e+04
3.043534e-01 1.247014e+05
2.036873e-01 1.518822e+04
2.835329e-02 3.404948e+04
9.555147e-01 6.756620e+04
1.710603e+00 2.030124e+05
1.020660e-01 1.688814e+05
5.662827e-01 1.783766e+05
1.285889e+00 5.515746e+03
4.228287e-01 1.431315e+05
4.125716e-01 1.826812e+04
7.990668e-01 1.542186e+04
5.685743e-03 3.133402e+04
6.201888e-01 6.299654e+04
7.860438e-02 2.021721e+04
7.107793e-02 6.086695e+04
2.053370e-01 4.178529e+04
7.500020e-01 9.870685e+04
2.845570e-01 2.037074e+02
3.097901e-01 1.772940e+05
1.953440e-02 1.213037e+04
4.023358e-01 4.222835e+04
1.889173e-01 8.065570e+04
3.217470e-03 2.778901e+04
2.052865e-01 7.651573e+03
5.886408e-01 4.313357e+04
3.756159e-01 1.708180e+05
7.665268e-01 2.436371e+05
2.142592e-01 3.459306e+03
3.093920e-02 2.395463e+05
2.071146e-01 2.470666e+05
7.448336e-01 2.874146e+05
1.493545e+00 1.281016e+04
1.230206e-01 5.264453e+04
8.996644e-01 2.388617e+05
7.923393e-01 6.446240e+04
3.020971e-01 2.884780e+04
5.146375e-01 1.749072e+05
1.318524e+00 2.158707e+04
9.788222e-01 4.895765e+04
6.594074e-01 1.208840e+05
9.304263e-02 8.042361e+04
5.996617e-01 2.069260e+05
6.220721e-01 9.773337e+04
1.877177e-01 2.825141e+04
9.686462e-01 1.847857e+05
1.253755e-01 2.691955e+04
2.303739e-01 3.098125e+05
6.967255e-01 1.981211e+04
1.491292e+00 2.225318e+04
6.112002e-01 8.840626e+04
7.529709e-01 6.573774e+04
8.783569e-02 3.800370e+04
9.796146e-01 1.542426e+05
6.117363e-02 2.049784e+05
7.451481e-01 5.789631e+04
1.386473e-01 4.432460e+03
9.008101e-01 4.282956e+04
3.086467e-01 8.841300e+04
5.048096e-02 1.538870e+05
6.563355e-01 5.543411e+03
2.853678e-01 5.285388e+04
3.869592e-01 1.232076e+05
5.777380e-01 2.163884e+05
9.060637e-01 9.683048e+03
2.945796e-01 2.385428e+03
1.959926e-01 4.140234e+04
8.174669e-01 1.061697e+05
1.212448e+00 2.272261e+05
7.628619e-01 7.832911e+04
4.758064e-01 8.702927e+04
6.244589e-01 2.805538e+05
6.564134e-01 2.751570e+04
6.658081e-01 6.140519e+04
3.222867e-01 3.637088e+04
3.761670e-01 9.986889e+03
5.875186e-01 7.734084e+04
4.704719e-01 3.595718e+04
3.543268e-01 2.716460e+03
2.271478e-01 9.219595e+04
6.655072e-02 2.914476e+05
2.644116e-01 4.216335e+05
1.348545e+00 3.793728e+05
1.287317e-01 1.795343e+04
4.156553e-01 2.221973e+05
5.377995e-01 1.720245e+05
2.613325e-01 1.673577e+05
5.649297e-01 1.607922e+04
3.150454e-01 2.452830e+05
1.596759e-02 2.968782e+04
2.611839e-01 6.604397e+04
3.334392e-01 1.086320e+05
2.556653e-02 3.183555e+04
1.176363e-01 9.056199e+04
4.755951e-01 6.338940e+04
9.711539e-02 1.699883e+05
1.277933e+00 1.507784e+05
2.610467e-01 8.512316e+04
7.949894e-02 5.746653e+04
3.895820e-01 3.570663e+04
2.147998e+00 4.735039e+03
7.344782e-01 1.974394e+05
2.910095e-02 2.090601e+05
3.443124e-02 6.983650e+04
1.496988e-01 3.661971e+04
6.370807e-01 1.061176e+05
3.094028e-01 8.857624e+04
1.181493e-01 6.467287e+04
8.857182e-02 1.904978e+05
1.018033e-01 1.147759e+04
1.144068e-01 7.942906e+04
2.036022e-01 3.102213e+04
1.125305e+00 1.602583e+05
4.790675e-01 6.128726e+04
3.563261e-01 3.556316e+04
1.293551e-01 1.672811e+05
1.875466e-01 2.885015e+04
2.066350e-01 3.991134e+03
3.702128e-01 1.457930e+05
1.656278e-01 6.551046e+03
9.119252e-02 2.040514e+04
4.289245e-01 6.026061e+04
9.881820e-01 1.464973e+05
7.507508e-01 3.396847e+05
1.373564e-01 1.245583e+05
9.219398e-01 1.335998e+05
7.062427e-01 6.805927e+03
2.471065e-01 1.792038e+05
2.877217e-01 4.054863e+03
4.362192e-02 2.494167e+05
6.019469e-01 2.714634e+05
3.313411e-01 5.622489e+04
2.914276e-01 2.333975e+04
1.674563e+00 9.485843e+04
9.271269e-01 1.830600e+05
8.567227e-01 4.007618e+03
1.488945e-02 1.837350e+05
7.348230e-01 8.754762e+04
2.887386e-01 1.925457e+05
5.718174e-01 1.487637e+04
4.132818e-01 1.417920e+03
2.118616e-01 6.674698e+04
8.298641e-02 3.636756e+05
1.772824e-02 1.484484e+05
4.135852e-01 5.706090e+04
1.136991e-01 5.368805e+04
2.329751e+00 6.936717e+04
1.062942e+00 7.599027e+04
3.671368e-01 3.914187e+04
1.604699e-01 3.590255e+03
7.534227e-02 1.356725e+05
3.122336e-03 2.423317e+05
1.133300e+00 1.453708e+04
1.445208e+00 1.947578e+05
1.792346e-01 2.284954e+05
4.018203e-01 2.566488e+05
6.974143e-01 6.856900e+04
3.714951e-01 1.149278e+05
2.630765e-01 2.176202e+05
8.215758e-02 1.786180e+04
2.781554e-01 1.926256e+05
1.840223e-02 9.623625e+04
1.096232e+00 4.702433e+04
4.966099e-01 5.450765e+03
2.927586e-01 3.660167e+04
8.355466e-02 1.095084e+05
8.614858e-01 5.776365e+04
2.861027e-01 5.065313e+04
5.900845e-01 2.113976e+05
1.135789e-01 3.693729e+04
1.025336e-01 1.912676e+05
3.374579e-01 1.086984e+05
4.438836e-03 2.298762e+04
4.603160e-01 1.805812e+04
3.639808e-01 1.236164e+05
8.702601e-01 2.915889e+04
4.665400e-01 6.271863e+04
3.973736e-01 5.168468e+03
1.886309e-01 1.444099e+05
1.447588e+00 4.016987e+04
1.295284e+00 5.715005e+04
2.568235e-01 2.617689e+04
7.378143e-01 2.001847e+05
4.326345e-01 3.787600e+04
5.235538e-01 2.883828e+05
1.755850e-01 1.041821e+05
1.835761e+00 3.569441e+04
1.546560e-01 1.801546e+04
2.469469e-01 2.236566e+04
1.853761e-02 1.111848e+05
7.155488e-01 9.101436e+04
6.352247e-01 1.358418e+05
9.236912e-01 4.628365e+04
5.151943e-01 2.263214e+05
8.860116e-02 8.221112e+04
3.793501e-01 4.964367e+04
8.399421e-02 4.812098e+04
5.386777e-01 6.982397e+04
1.766367e+00 1.812180e+03
1.657297e-02 3.577127e+04
7.281265e-01 7.211961e+03
5.413870e-01 2.443464e+05
1.111517e+00 2.431241e+05
3.188761e-01 6.612962e+04
5.218953e-04 1.587123e+05
1.241152e-01 1.349766e+05
4.720943e-01 9.054033e+04
1.320630e+00 5.400745e+05
1.517504e+00 3.229031e+04
3.856281e-01 3.056090e+05
2.364592e-01 1.010784e+05
4.901406e-01 8.955198e+04
2.550550e-01 7.725788e+04
6.847162e-01 1.452704e+05
8.207337e-01 1.344877e+05
5.386417e-01 5.455896e+05
8.585055e-01 1.859542e+04
5.505519e-02 1.341535e+04
1.341186e-01 1.763134e+05
1.691852e-01 7.770090e+05
2.699699e-01 4.711900e+03
1.276353e+00 1.130174e+05
3.710726e-01 6.455810e+04
2.589352e-01 5.601588e+04
5.900381e-01 2.246485e+04
1.098859e-03 3.588774e+05
2.386701e-01 1.947852e+05
3.343685e-01 1.359037e+05
1.693289e-02 3.497804e+04
9.289684e-01 4.297894e+05
4.555458e-01 1.520379e+04
7.594970e-01 1.803740e+05
1.602876e-01 1.067256e+04
2.531083e-01 6.546624e+04
8.191321e-01 2.746926e+04
3.187278e-01 8.197834e+04
1.377964e+00 1.319239e+04
1.193815e+00 6.205036e+04
5.120791e-01 1.008982e+05
8.797235e-02 2.270689e+04
2.369754e-03 1.817898e+05
1.026125e-01 1.342451e+05
3.794874e-01 2.275568e+04
7.451872e-02 7.859586e+04
5.196451e-01 4.814094e+04
3.454268e-01 1.419428e+05
1.965816e+00 1.108234e+05
4.819166e-01 1.511147e+04
3.325911e-01 2.280281e+04
1.281060e+00 5.124838e+04
8.765146e-01 5.543677e+04
9.217926e-02 2.318221e+04
2.663232e-01 5.012073e+04
5.419819e-01 2.519620e+05
2.360711e-01 1.295908e+05
5.821423e-02 1.131169e+05
7.466712e-01 3.088831e+05
3.173304e-01 7.502471e+04
1.400447e+00 1.302649e+05
2.243589e+00 2.754809e+05
1.137831e+00 5.830823e+04
9.827075e-02 3.252473e+05
1.283291e-01 1.424361e+05
2.604530e-01 1.198262e+05
2.489049e-01 4.926339e+04
3.195899e-01 1.883548e+04
1.589146e-01 7.074728e+04
3.327031e-02 1.290089e+05
4.042272e-01 1.338527e+05
1.616737e-01 1.021847e+05
8.230736e-02 2.230507e+05
7.146352e-01 1.345284e+05
1.323102e-01 8.204598e+03
1.560471e-01 1.867650e+04
5.656379e-02 1.592587e+04
1.519237e+00 1.333579e+05
6.234768e-02 1.411368e+05
7.097060e-01 2.064420e+04
8.340317e-02 8.914844e+04
8.979094e-02 2.419198e+04
1.238578e+00 2.038709e+04
1.097641e+00 4.616244e+03
1.117829e+00 1.186230e+05
5.909338e-01 7.507598e+04
1.736183e-01 5.918106e+04
5.626186e-01 1.488975e+04
5.380319e-01 9.640452e+04
2.025875e-01 7.898825e+04
5.983270e-01 1.740401e+05
6.657407e-01 5.357011e+04
5.268887e-01 9.858116e+04
3.348962e-01 3.751600e+04
7.053032e-01 5.965087e+04
1.947363e-01 1.045219e+05
2.895848e-01 7.199794e+04
6.063936e-01 1.001221e+05
6.896123e-01 2.456490e+04
1.900198e-01 1.145976e+05
1.642051e+00 7.089828e+04
2.065476e-02 1.794131e+04
3.448759e-01 4.974571e+02
1.876271e-02 1.903242e+04
4.371751e-02 5.488970e+05
2.814167e-01 2.442577e+03
1.936634e-01 1.479632e+05
1.801479e-01 1.236616e+04
5.527440e-01 1.816725e+05
7.383748e-01 1.168253e+05
9.585767e-01 7.311799e+04
7.241876e-01 4.917111e+04
2.442911e-01 1.566941e+05
1.443547e+00 1.907013e+05
5.492273e-01 2.656766e+04
7.613133e-02 7.157084e+04
1.213740e-01 4.627934e+05
2.844373e-03 1.784937e+03
1.284112e+00 5.222648e+04
1.485785e-01 1.436496e+05
4.281015e-01 1.192564e+05
1.695856e-01 1.759436e+04
1.561351e+00 5.623677e+04
2.555383e-01 1.219364e+05
1.278140e-01 7.364946e+04
2.531792e-01 3.055204e+04
8.036207e-01 1.161595e+05
1.208539e-01 1.110598e+05
3.663430e-01 1.142394e+05
2.421127e-01 1.252986e+05
1.165356e-01 7.034708e+04
1.354535e-01 1.314373e+05
2.564740e-01 1.916963e+05
9.397191e-01 2.425524e+05
2.781002e-01 3.523180e+04
2.691660e-01 2.731345e+04
4.566589e-01 3.740957e+03
7.225010e-01 1.860760e+04
5.612840e-01 1.075999e+05
1.410870e-01 7.809022e+03
1.397255e+00 2.353266e+05
7.522104e-01 4.448005e+04
2.521970e-01 1.114884e+05
1.649867e-01 5.780127e+03
4.402784e-01 2.200328e+04
2.246373e-01 4.118472e+05
1.246135e+00 8.567338e+04
7.157539e-02 4.047799e+04
1.277319e-01 8.191987e+04
2.770398e-01 2.933962e+04
1.551492e-01 2.341857e+05
4.371230e-01 1.742046e+05
2.067260e-02 5.679727e+03
3.804620e-01 2.769722e+05
4.606160e-01 9.748519e+04
1.899432e-01 1.135413e+05
1.724012e-01 9.357114e+04
1.713887e-01 1.719842e+05
2.480656e-01 2.378428e+04
2.675944e-01 1.296551e+04
2.178152e-01 1.998581e+04
1.236293e-01 1.648998e+04
2.961659e-01 6.565226e+04
3.942533e-01 4.934187e+03
5.621908e-02 1.744685e+05
1.637393e-01 2.335784e+05
1.244117e-01 8.447473e+04
4.707268e-02 6.111910e+04
3.016410e-01 4.471670e+04
2.204250e-01 4.201203e+04
3.485371e-01 8.023805e+04
7.031421e-01 2.323850e+04
2.845797e+00 4.967908e+04
6.930396e-01 1.681893e+03
2.290398e-01 1.016507e+05
2.211310e+00 3.937117e+04
5.610471e-02 8.334864e+04
4.193885e-01 7.622677e+04
2.192512e-02 2.592818e+05
2.647618e-01 6.432099e+03
4.311808e-01 1.356297e+04
3.925078e-01 3.546855e+05
1.489571e+00 6.488492e+04
1.204359e-02 3.169187e+04
5.117971e-02 1.954122e+05
9.493582e-01 6.965084e+04
