9.092729e-01 3.174719e+03
6.729239e-02 2.993944e+05
4.595619e-02 8.682594e+04
5.122327e-01 7.882909e+04
3.027660e-01 9.065514e+04
5.133206e-01 1.454674e+05
1.609132e-01 2.696362e+04
2.194782e-01 2.035328e+05
1.082649e+00 1.065113e+05
2.275663e-01 1.664423e+05
8.252255e-01 1.936304e+05
3.265412e-02 1.254238e+05
1.849973e+00 1.119764e+05
6.815902e-01 1.863939e+05
2.787339e-01 5.495162e+04
3.574479e-01 6.285665e+04
1.686490e+00 4.126395e+04
2.421487e-01 1.174579e+05
1.044316e-01 7.306538e+04
4.094374e-02 8.496132e+04
2.492675e-01 2.241056e+04
7.674631e-01 8.612811e+04
4.887456e-01 7.437914e+04
1.927235e-01 3.205681e+04
2.174156e-01 4.882516e+04
8.069877e-01 3.392619e+05
1.436979e+00 3.264038e+05
1.787607e-01 1.002345e+05
1.187481e-01 1.337822e+04
6.475153e-01 3.394400e+04
5.503092e-01 2.793882e+05
8.542074e-01 3.688179e+03
1.749855e-02 2.713274e+04
3.586154e-01 7.145378e+04
2.043564e-02 9.436133e+02
4.792316e-01 1.970046e+05
7.057176e-02 8.097347e+04
1.082860e-01 1.049373e+05
8.680008e-01 5.745789e+04
6.346368e-01 1.421887e+04
1.152248e-01 9.414664e+04
2.524633e-01 7.826170e+03
4.079456e-01 2.652258e+04
3.641586e-02 1.210377e+05
1.044955e+00 8.604724e+03
3.537976e-01 5.319978e+04
2.525010e-02 1.829629e+05
3.742842e-01 8.209995e+04
2.006293e-01 4.411353e+04
3.357662e-01 1.318453e+05
2.788849e-01 3.887381e+03
7.644154e-02 7.836867e+04
8.954735e-01 8.279739e+04
8.932406e-01 1.131844e+04
7.112103e-01 3.338137e+04
3.724447e-01 8.519913e+03
1.100527e+00 1.342401e+04
6.906512e-01 1.852064e+05
1.108472e+00 2.097649e+04
1.063451e+00 1.212348e+04
1.755575e-01 1.226182e+05
1.451870e+00 4.114303e+04
4.699825e-01 8.859229e+04
1.938790e-01 5.649379e+04
1.233088e+00 1.333462e+05
2.216839e-01 8.353321e+04
6.308754e-01 9.521764e+04
4.012203e-01 6.219051e+04
1.279098e-01 6.361721e+04
3.190685e+00 1.628895e+05
2.994513e-01 6.729288e+04
1.030062e+00 3.706660e+04
2.477209e-01 1.209224e+05
9.691627e-02 1.931913e+05
9.086587e-02 9.171714e+04
1.106313e-02 1.101744e+05
1.385161e-01 6.281714e+04
2.128022e-01 7.726207e+03
4.988324e-01 7.104820e+04
1.046218e+00 1.022790e+05
1.834044e-01 1.405373e+05
3.668322e-01 1.552678e+05
1.323683e+00 1.086997e+05
4.544494e-01 6.574337e+04
8.910068e-01 1.474187e+05
2.147654e-01 7.745289e+04
6.342373e-02 2.854843e+04
2.371323e-01 1.091929e+04
7.752518e-01 1.990406e+04
1.885060e+00 9.457560e+04
3.710584e-01 4.526759e+04
2.973004e-01 3.070276e+05
2.836991e-01 3.451975e+03
5.876324e-01 6.354481e+03
9.662449e-02 5.523107e+04
7.552936e-02 4.288167e+04
5.450211e-01 1.739942e+04
1.643642e-01 7.526315e+04
1.050192e+00 1.456241e+05
1.645763e-01 1.433285e+05
6.099854e-01 1.141636e+05
2.536946e-02 4.490816e+05
3.228695e-01 1.603960e+05
2.300900e-01 1.128973e+04
1.363935e+00 2.918879e+05
3.541083e-01 5.324589e+04
1.503332e-01 1.519663e+05
1.526743e+00 2.359309e+05
1.601432e-01 5.249289e+04
1.234680e-01 5.712799e+04
7.847522e-02 5.693230e+04
4.480708e-01 8.460313e+04
3.942406e-01 9.405538e+04
3.004900e-01 3.869360e+03
4.318970e-01 2.601778e+04
3.199928e-01 6.437903e+04
3.272208e-01 7.105717e+02
6.290169e-02 1.772430e+04
3.890971e-01 3.824715e+04
9.404584e-01 4.671544e+04
3.707707e-01 4.540114e+04
1.797418e-01 9.805334e+04
1.464997e-02 2.213916e+05
5.543900e-01 7.528549e+02
4.223896e-01 2.667395e+05
6.836466e-01 9.031347e+03
8.540199e-02 6.856913e+04
4.807533e-01 1.646491e+05
4.305258e-01 4.771982e+04
6.691384e-02 1.404538e+05
3.432166e-01 2.975881e+05
2.713172e-01 6.035054e+04
3.984576e-02 5.786454e+04
1.073680e+00 2.195808e+05
4.051468e-01 2.696831e+05
5.400604e-01 2.195438e+05
8.565401e-02 2.073725e+05
3.179174e-02 4.641682e+04
3.143911e-01 1.881574e+05
2.410969e-02 8.859911e+04
2.796794e-02 4.748241e+04
3.054198e-01 3.082008e+04
8.796093e-01 6.791522e+04
2.144459e-01 2.125533e+05
1.286425e-01 8.890125e+04
4.240355e-01 5.215008e+05
3.973567e-01 9.249502e+04
2.234361e-01 2.301317e+04
4.575547e-01 1.795587e+05
1.778217e-01 1.528644e+05
4.029304e-02 9.171123e+04
4.511921e-01 4.302287e+04
2.221809e-01 2.083183e+05
7.069155e-01 8.288586e+04
4.840524e-01 2.070943e+05
3.525243e-01 8.026545e+03
6.889245e-01 4.856286e+04
5.096272e-01 8.679006e+04
7.175580e-02 2.240119e+05
1.188687e+00 2.360087e+04
5.324836e-02 1.576400e+04
3.637933e-02 5.801552e+03
2.622243e-01 1.828250e+04
9.006569e-02 8.959935e+04
5.817581e-01 1.046306e+05
1.302656e+00 1.679721e+05
8.343199e-01 1.123931e+04
4.009001e-02 1.697598e+04
1.494349e+00 4.048730e+04
2.984854e-01 2.245253e+04
2.648491e-01 2.691816e+04
3.150650e-01 2.659151e+05
2.673272e-01 5.272811e+04
3.860619e-01 8.236893e+04
7.225403e-01 1.428999e+05
3.526389e-01 6.990320e+04
1.088840e+00 9.188496e+04
7.504484e-01 1.478791e+04
7.175370e-02 1.739795e+05
2.025009e-01 2.740821e+04
3.196713e-01 2.806547e+04
2.371917e-02 9.229902e+04
1.282916e+00 2.776239e+04
1.612486e+00 1.277719e+05
7.507413e-01 5.176845e+04
2.338307e-01 2.562532e+04
4.051903e-01 8.901363e+04
9.459809e-01 1.510695e+05
4.557770e-01 4.685204e+04
1.665691e+00 1.383819e+05
1.449590e+00 1.518623e+05
9.155437e-02 1.075808e+05
5.260156e-03 2.692715e+04
5.299936e-01 2.862954e+04
8.756737e-01 4.903908e+04
9.474069e-01 1.539594e+05
4.157793e-01 5.903672e+04
7.816139e-01 2.542687e+04
2.029553e-01 2.252284e+05
6.057866e-01 4.547078e+03
1.518131e-01 5.248987e+04
4.622428e-01 5.854280e+04
6.319638e-02 1.038185e+05
1.181669e-01 1.264945e+04
3.577734e-01 3.853282e+05
3.578048e-03 7.478313e+01
2.877956e-01 1.564581e+05
3.198260e-02 1.218886e+05
4.093999e-03 6.657598e+03
6.887187e-01 1.899705e+04
6.815926e-02 1.634163e+05
1.897327e-01 3.085796e+04
8.727958e-01 1.062771e+05
1.159931e+00 2.083258e+04
4.920988e-01 1.567247e+04
1.855389e-01 1.311005e+05
8.963471e-01 5.092555e+04
7.828450e-01 1.556396e+05
4.270695e-01 1.802008e+05
1.511092e+00 2.829187e+04
2.104282e-01 1.754280e+04
2.321497e-01 5.952217e+04
6.547019e-01 9.857738e+04
1.929913e-01 2.293805e+04
1.176751e+00 2.642199e+05
1.800693e-01 1.689365e+05
1.257999e+00 2.137338e+05
2.811098e-02 1.099277e+05
2.900814e-01 1.939061e+04
2.543295e+00 2.573701e+05
1.243060e+00 1.370368e+05
2.335117e-01 1.619669e+05
2.694718e-02 3.105012e+04
1.720756e-01 2.469667e+04
4.435214e-01 8.660222e+03
4.232339e-01 3.599344e+05
2.666634e-02 5.443790e+04
2.453864e-01 2.414587e+05
4.611156e-01 5.414527e+03
8.504996e-02 1.026887e+05
6.406223e-01 4.555751e+04
6.826194e-02 4.107428e+05
7.513648e-01 1.162898e+05
9.443757e-01 1.516998e+05
1.328592e+00 1.121486e+05
4.439610e-01 3.807193e+05
2.585761e-01 6.972403e+04
4.788874e-01 1.428215e+05
8.034926e-01 1.600423e+04
4.318150e-01 8.566455e+04
8.680578e-02 4.874489e+04
2.400593e-01 1.171331e+05
5.737576e-01 1.720232e+05
4.720351e-02 1.050494e+04
1.518885e+00 4.994822e+04
4.738262e-01 2.539312e+04
5.153730e-02 1.024486e+05
1.805197e-01 1.299613e+04
2.500203e-01 5.715111e+04
1.490324e-01 4.661925e+04
1.079653e-01 8.067748e+03
3.302318e+00 3.563885e+05
7.280000e-01 4.332249e+05
2.873287e-01 3.151958e+05
4.717358e-01 4.520118e+05
6.934792e-01 5.971261e+04
3.872046e-01 3.086310e+04
7.430330e-02 1.490226e+05
3.404335e-02 6.875114e+04
1.215653e+00 2.297172e+04
1.139744e+00 2.355094e+05
5.631185e-02 8.637257e+04
1.380362e-02 1.050726e+05
7.549110e-02 8.292000e+04
2.745337e-01 4.685449e+04
7.377238e-03 2.423547e+04
2.120832e-01 5.981433e+04
1.035322e+00 3.999193e+05
2.086231e-01 1.025902e+05
2.257997e-01 7.813966e+04
4.664082e-01 5.876032e+04
2.703183e-01 3.896198e+04
5.653256e-01 7.480706e+04
1.250305e+00 7.818878e+04
1.070258e+00 1.627748e+04
4.493036e-01 1.523284e+05
3.377197e-01 1.232501e+04
3.670493e-01 1.241164e+04
9.436818e-02 7.370150e+04
1.651350e-01 1.229526e+05
1.270898e+00 1.749342e+05
2.699976e-01 6.425899e+04
4.411392e-01 3.209223e+05
5.674380e-02 2.033313e+04
8.493732e-01 5.208992e+02
1.025572e+00 9.203852e+03
2.139966e-01 1.759377e+04
5.630120e-01 1.051669e+05
5.462204e-01 3.130999e+05
3.239562e-02 7.700837e+04
1.135071e+00 1.988624e+04
1.090129e+00 2.873349e+05
5.601877e-01 1.070806e+05
4.229808e-01 2.448653e+05
1.309769e-01 1.858121e+05
1.617739e-01 1.125658e+05
7.965847e-01 1.710276e+05
2.425806e-01 1.486261e+05
5.681634e-03 1.503343e+05
1.785223e-01 9.202607e+03
4.193492e-01 8.787047e+04
1.078235e+00 2.401289e+05
2.151416e+00 5.791682e+04
3.143202e-01 1.281307e+04
3.291158e-01 1.547665e+04
6.611609e-01 1.816819e+05
5.310836e-02 2.190504e+05
1.114939e+00 3.118788e+05
3.463647e-01 4.501025e+03
3.442491e-01 4.250835e+04
5.420804e-01 1.691418e+05
2.339785e-01 1.245192e+05
3.412071e-01 2.191138e+05
4.105918e-01 7.015917e+03
2.886538e-01 7.029676e+04
2.740229e-01 1.137689e+05
1.351592e-01 6.888527e+04
3.190345e-01 1.709036e+05
4.843784e-01 8.772645e+04
1.150143e+00 1.949790e+04
1.934758e-01 9.427936e+03
3.234116e-01 5.112210e+04
1.478619e-01 6.171500e+04
5.053093e-02 3.293601e+05
1.778791e+00 9.560712e+04
4.257513e-01 8.641844e+04
1.995593e-02 6.858770e+04
1.773354e-01 4.093504e+04
1.497094e+00 2.286854e+05
6.705163e-01 8.995782e+04
5.625920e-01 1.476617e+05
6.605182e-01 4.240079e+04
1.175190e+00 8.724047e+04
1.956646e-01 1.434393e+04
9.009425e-01 5.474412e+04
7.916981e-01 1.714726e+05
3.976487e-01 1.036719e+05
9.720339e-02 1.153949e+05
2.214820e-01 3.930877e+04
7.360561e-02 2.535528e+02
2.550397e+00 6.695747e+04
2.852131e-01 9.657793e+04
6.937516e-01 9.748033e+04
4.172668e-01 2.275041e+05
1.201798e+00 1.730242e+05
4.744058e-01 9.395653e+03
1.507477e-01 3.001020e+04
1.245259e+00 1.021855e+05
2.211732e-01 1.725672e+05
3.293154e-01 6.848799e+04
6.507080e-01 1.576978e+04
1.093106e+00 1.602013e+05
2.614434e-01 1.501645e+04
6.491876e-01 9.232874e+04
1.943143e-01 6.568297e+04
3.582898e-01 2.231113e+04
3.337533e-02 3.403909e+04
2.912677e-01 8.894417e+04
3.100297e-01 9.015525e+03
9.793750e-02 2.266832e+05
9.917067e-01 9.519220e+04
2.026944e-02 5.357272e+04
2.486173e-01 5.734157e+04
8.567311e-01 2.074186e+03
2.033736e-01 1.466334e+03
1.347672e-01 2.641799e+04
1.862976e+00 1.440507e+05
9.034808e-01 3.598725e+05
2.268595e-01 2.605798e+04
9.801317e-02 9.242579e+04
2.204704e-01 3.021011e+04
2.069307e-01 3.154329e+04
1.083771e+00 2.877508e+04
1.657260e+00 1.075772e+05
3.626262e-01 1.458596e+05
6.416642e-03 3.941587e+05
6.706085e-01 9.529850e+04
3.121693e-01 6.188536e+04
1.062507e+00 1.304134e+05
3.161577e-01 6.317413e+04
2.709587e-01 1.474943e+05
6.979626e-01 4.778151e+05
6.550562e-02 1.831144e+04
1.027637e-01 3.322273e+05
5.102034e-01 1.479522e+05
3.882388e-01 6.859972e+04
6.637340e-01 6.761256e+03
8.960473e-01 2.132432e+05
2.372729e-02 1.142635e+05
1.078222e-01 2.486508e+03
4.756181e-02 9.017306e+04
5.059235e-02 2.747802e+05
1.378746e-01 3.074399e+05
3.779912e-01 3.089793e+05
1.710385e-01 1.277188e+04
4.465857e-02 1.250893e+05
1.106925e+00 1.383667e+04
4.209291e-01 1.374234e+04
1.768298e-01 3.237218e+04
3.940150e-01 2.961213e+04
4.460801e-01 1.596346e+05
3.130833e-01 1.178327e+05
9.332761e-02 8.511658e+03
1.948147e-01 1.577568e+05
1.027662e-02 2.106776e+04
1.788288e-01 4.700831e+04
1.084978e-01 1.155209e+04
9.054810e-02 1.098599e+05
5.177493e-01 3.273854e+05
5.042521e-01 3.740683e+05
5.708160e-01 2.082481e+04
4.058663e-01 8.550687e+04
1.090080e+00 1.291815e+05
2.942918e-01 2.921146e+05
9.002779e-01 1.575207e+05
1.974894e-01 1.782656e+04
2.083052e-01 6.348188e+04
9.177402e-01 5.183796e+04
8.039129e-01 4.835676e+04
6.938872e-01 1.983859e+05
4.717252e-02 1.622350e+05
1.316589e-01 2.358118e+05
9.384417e-02 2.115393e+04
2.155958e+00 2.000702e+05
1.044481e+00 1.870235e+05
1.084996e+00 6.548637e+04
7.560976e-02 2.733773e+04
1.170508e+00 1.604751e+05
4.633597e-01 9.722855e+04
1.879548e+00 1.085963e+05
1.031739e-02 8.751954e+04
8.141958e-01 6.832879e+02
1.589570e-01 8.099860e+04
2.680763e-01 4.051084e+04
4.308131e-01 1.181719e+05
1.924154e-01 1.962370e+04
1.114306e+00 6.923164e+04
7.647368e-01 3.984512e+04
7.863113e-01 1.306803e+04
3.397006e-01 1.077131e+05
2.212557e-01 4.982985e+04
8.891691e-01 2.260735e+05
1.193524e-01 7.148481e+04
7.926966e-02 1.016397e+05
6.643600e-01 6.576319e+03
1.870207e-01 9.805478e+04
1.324578e-01 7.402283e+04
3.541755e-01 1.723709e+05
7.707764e-03 1.130292e+05
7.305077e-01 4.784929e+04
1.038206e+00 5.828595e+04
3.349426e-01 1.236602e+05
1.939028e+00 5.330041e+04
4.019169e-02 3.177530e+03
1.704138e-01 1.926018e+05
1.339409e+00 1.450778e+05
3.274189e-02 9.374058e+04
2.625005e-01 5.016594e+04
1.385322e-02 7.186516e+04
2.620241e-02 1.197380e+05
2.583281e-01 2.331083e+05
5.344258e-01 8.621132e+04
5.423256e-01 1.006404e+05
1.280148e+00 6.591258e+04
5.277492e-01 1.966450e+05
3.373403e-01 1.796037e+05
5.862465e-01 6.375188e+03
1.274925e-01 2.930408e+04
4.866467e-01 1.174500e+05
7.504392e-01 1.016871e+05
2.742829e-01 3.446417e+05
3.034941e-01 1.052003e+04
1.863233e-01 6.759947e+04
4.510347e-01 3.031496e+04
2.709317e-01 4.940972e+05
3.680196e-02 8.798081e+04
1.783527e-01 8.709623e+04
7.616246e-02 1.711477e+05
4.452581e-01 8.608470e+04
1.238004e+00 1.007729e+05
2.702253e-02 3.377227e+05
6.204896e-01 2.895336e+04
6.335874e-01 2.847672e+04
1.646452e-01 2.171133e+05
7.328531e-01 3.930800e+04
1.605603e-01 2.286695e+05
1.354193e-01 7.489796e+04
1.293642e-01 4.595180e+04
5.103272e-01 1.470182e+05
1.170713e+00 9.576948e+04
7.427336e-01 2.819710e+05
4.459576e-01 6.023950e+04
1.790616e-01 6.992130e+04
1.955993e-02 1.780986e+04
4.073250e-01 2.436841e+05
9.004568e-01 6.208955e+04
1.469182e-01 1.188630e+05
3.653953e-01 1.348746e+04
1.301210e+00 1.715679e+05
2.704134e-01 8.216969e+04
7.881984e-01 2.706073e+04
5.545781e-02 2.945375e+04
1.976272e+00 2.288357e+05
1.550783e-02 3.665343e+05
1.944866e-02 2.375055e+04
1.865922e-01 1.080338e+05
3.970772e-01 1.918271e+04
2.208093e-01 1.716079e+05
8.021049e-01 6.793770e+04
2.190857e-01 7.239036e+04
5.956013e-01 1.339832e+05
1.128926e+00 4.614546e+04
8.343882e-01 2.745157e+04
1.196743e-01 7.068238e+04
1.497214e-02 1.072111e+05
5.131484e-01 1.030288e+05
