1.973619e-01 1.092033e+05
1.392213e+00 1.107550e+05
4.864685e-01 3.271573e+03
2.656183e-01 1.628938e+04
3.451543e-01 2.870664e+04
1.341379e+00 4.169210e+05
5.665872e-01 6.555051e+04
1.270525e-01 2.898522e+04
8.200820e-01 8.597002e+04
8.198865e-01 4.539863e+04
7.440737e-03 1.000188e+05
7.301250e-01 1.402811e+05
6.749719e-01 3.571141e+05
4.020193e-01 2.721184e+05
9.727647e-01 6.956364e+04
3.881416e-02 8.387199e+04
9.234961e-01 2.367670e+04
3.482954e-02 5.833779e+04
3.650320e-01 6.983598e+03
5.919533e-01 5.416137e+04
8.159664e-01 6.686126e+04
4.458117e-01 1.484943e+04
1.301657e+00 9.367136e+04
1.003241e-01 1.558386e+04
1.017142e-01 3.308458e+03
3.922498e-01 3.359998e+04
1.506731e+00 1.888289e+05
6.704336e-01 3.107480e+04
8.221487e-01 3.957830e+04
6.352631e-01 5.797822e+04
9.102332e-01 1.324106e+05
4.938742e-01 3.460804e+03
3.922457e-01 4.643798e+04
1.019492e-01 2.230416e+05
2.138815e-01 3.969644e+04
7.090352e-01 4.632148e+04
1.955013e-01 2.047723e+05
2.594735e-02 7.292143e+04
1.194294e-01 1.643028e+05
2.730599e+00 4.972335e+04
2.437053e-01 5.184071e+04
9.957986e-01 3.047238e+04
9.305712e-01 6.861802e+04
1.784055e-01 6.629788e+04
3.212667e-01 1.504231e+05
2.043700e-01 2.811370e+05
3.387502e-01 1.468753e+05
1.364644e-01 1.072425e+05
6.631413e-01 1.767501e+04
3.732541e-01 2.252296e+03
1.020988e-01 2.647409e+05
4.091794e-01 1.372309e+05
7.898625e-01 6.086540e+04
1.620483e-01 7.163565e+04
7.118833e-01 9.051663e+04
3.042370e-01 4.460195e+04
3.279503e-01 7.381027e+03
7.486977e-01 3.107508e+05
6.977401e-02 2.597463e+05
8.452715e-02 7.824925e+04
2.958414e-01 2.283942e+05
6.152165e-01 2.526005e+04
4.479328e-01 1.143818e+05
3.783659e-01 1.610422e+05
2.410798e-01 1.443996e+05
3.710676e-01 9.741528e+04
3.938402e-01 1.194097e+05
2.199432e-01 8.353987e+04
1.782900e-02 1.062426e+05
3.478979e-01 9.425253e+03
7.279611e-01 4.585564e+05
8.132084e-02 2.503575e+05
1.268271e-02 6.862044e+03
1.091048e-01 3.882799e+04
7.249133e-02 4.712840e+05
2.650410e-02 1.054742e+05
4.708372e-01 4.587842e+04
1.594842e+00 2.193007e+04
2.507931e-02 7.941174e+04
1.191358e+00 1.912586e+05
1.767415e-01 1.130346e+05
2.152173e-01 5.411260e+04
4.956918e-02 1.886399e+05
3.613834e-02 1.296796e+04
5.230308e-01 9.620021e+04
1.584303e+00 3.045564e+04
8.192945e-01 1.758424e+04
7.323120e-01 4.365165e+04
6.247121e-02 1.328417e+05
8.771960e-01 5.415414e+04
1.092143e-01 2.139280e+03
6.277971e-01 2.912302e+04
1.392428e-03 1.763422e+05
2.513446e-01 1.251085e+05
3.704404e-02 5.868880e+03
8.147089e-01 1.236896e+05
7.262335e-02 1.262536e+05
3.708408e-01 8.160396e+04
1.010293e+00 2.190773e+05
2.012684e-01 6.710339e+04
4.542639e-01 7.642204e+04
1.904102e-01 7.327699e+03
5.477469e-01 5.062553e+04
7.877368e-01 3.621597e+05
2.531493e-02 5.375155e+04
3.783277e-01 2.190118e+05
7.592556e-01 4.234986e+04
3.487021e-01 6.128595e+04
3.320828e-01 1.058223e+05
1.283360e+00 3.227822e+04
9.108163e-02 1.996780e+05
2.042785e-01 3.976343e+04
4.888125e-01 1.100829e+05
2.857260e-01 7.575559e+04
4.519637e-02 3.057285e+04
1.137194e-01 1.412528e+05
2.908471e-01 2.777511e+03
1.323166e+00 5.232282e+04
2.938364e+00 8.001839e+03
5.485464e-01 1.113841e+04
1.061789e-01 1.018045e+05
2.668851e-01 1.807559e+05
6.358968e-02 2.798662e+05
1.397261e-01 4.651675e+04
9.976319e-02 9.528830e+04
1.604716e-01 2.102383e+04
2.103100e-01 3.595284e+05
1.961688e-01 1.226975e+02
6.011267e-02 1.476795e+05
1.023622e-01 1.622446e+05
8.653904e-01 1.327274e+04
3.149269e-01 8.513895e+04
1.177564e+00 8.203400e+04
6.006402e-01 7.947983e+04
5.702085e-01 1.459600e+05
3.807550e-02 2.704748e+04
1.731304e-01 3.467131e+04
5.008064e-01 9.843822e+04
1.195010e-01 6.440612e+04
1.616384e-01 8.745248e+04
2.317102e-02 1.022187e+05
6.135139e-02 5.061387e+03
1.239642e+00 9.433952e+04
1.216789e-01 2.273068e+05
3.344300e-01 1.392749e+05
2.288582e-01 1.117790e+05
4.952981e-01 1.128729e+05
5.147893e-01 1.263753e+05
7.375202e-01 1.964934e+02
2.024773e-02 5.141777e+04
2.697467e-01 3.605316e+04
2.504441e-02 1.416231e+05
9.004175e-02 8.254789e+04
5.146684e-01 4.115722e+05
1.149255e-01 1.734330e+05
4.669027e-02 5.847243e+04
9.210093e-02 1.141662e+05
1.585179e-01 7.915983e+04
1.823942e-01 2.759482e+04
2.402497e-01 1.231990e+05
3.768558e-01 1.110434e+05
4.273712e-01 5.442710e+04
3.213441e-02 2.202148e+04
7.218717e-01 9.819684e+04
1.452204e+00 4.915901e+04
2.318148e-01 5.773365e+04
1.004143e-02 5.372363e+04
1.084595e-01 1.916581e+05
6.469856e-01 1.676902e+05
1.596128e-02 2.745814e+05
2.805347e-03 1.123285e+05
1.631038e-01 1.958402e+04
2.149304e+00 1.943305e+05
2.397940e-01 5.794798e+04
1.199751e-01 9.293933e+04
1.212683e+00 7.594191e+03
9.819485e-01 2.217756e+05
1.402778e+00 5.447077e+04
5.139951e-01 9.605100e+04
1.008849e-02 1.181748e+05
7.453225e-01 1.315196e+03
3.150462e-02 9.485657e+04
1.611972e+00 5.750302e+04
1.157032e-01 4.197846e+05
1.955315e+00 9.456761e+04
1.940202e-01 9.325820e+04
6.760643e-02 7.101433e+04
1.529125e+00 3.126722e+04
4.443649e-01 1.438154e+04
2.012075e-01 1.174907e+05
1.073320e-01 5.864467e+04
9.849076e-01 4.204575e+04
5.379550e-01 4.502815e+04
1.975334e+00 1.255734e+04
1.806494e+00 4.230731e+04
7.732764e-01 1.510225e+05
1.663556e-01 8.991188e+04
5.139029e-01 1.190797e+05
1.663419e-01 3.593969e+05
5.667454e-01 7.797358e+03
1.339860e-01 6.885257e+04
1.193383e-02 1.149705e+05
6.601327e-01 3.213140e+04
7.786114e-02 6.455878e+04
4.696230e-02 1.130226e+04
7.672009e-02 2.608916e+05
4.971205e-02 1.549978e+05
2.944217e-02 6.977781e+04
2.893201e-01 2.484490e+04
3.714554e-01 1.019578e+05
3.286716e-01 9.142800e+03
3.121287e-01 1.038877e+05
7.059545e-02 1.079763e+05
8.259249e-01 2.968739e+04
4.440742e-01 4.847047e+04
2.204224e-01 9.220834e+04
5.128703e-01 7.664097e+04
2.580901e-01 1.232593e+05
1.647378e+00 6.678521e+04
9.813315e-02 6.924082e+04
1.825080e-01 6.052153e+04
2.053718e-01 2.368649e+04
7.990073e-01 5.415204e+04
1.970899e+00 5.672046e+04
7.236680e-01 7.139474e+04
2.639859e-01 6.197160e+04
4.207365e-01 6.508754e+03
1.305692e+00 2.846454e+04
2.155109e+00 2.730900e+05
5.626413e-01 9.186302e+04
4.473965e-01 1.169986e+04
2.483670e-01 2.289930e+05
1.189330e-01 2.106011e+05
3.285631e-01 1.615337e+04
3.920173e-02 1.619078e+04
4.028626e-02 3.108232e+05
3.296207e-01 2.536272e+05
7.031340e-02 1.857796e+04
1.305430e+00 3.859049e+04
4.151544e-01 3.008956e+04
2.515452e-01 8.889686e+03
1.627964e-01 1.218396e+05
2.126617e-01 4.621278e+03
1.244830e+00 2.189458e+04
7.198596e-01 4.021489e+05
7.052125e-01 1.086551e+05
7.817704e-01 4.208196e+03
1.787596e-01 2.062626e+05
3.185801e-01 2.267787e+05
3.123611e-02 1.666344e+05
1.366303e-01 1.425043e+05
4.390824e-01 1.000474e+05
5.427374e-01 4.633048e+04
2.296065e-02 5.545105e+04
1.870152e-01 8.485656e+03
2.120393e+00 6.662765e+03
9.793304e-01 1.188969e+05
2.643335e-01 8.214082e+03
7.739211e-01 1.774551e+05
5.316129e-02 4.659826e+04
8.921241e-01 8.259536e+04
1.483127e-01 2.638725e+05
1.156177e-01 2.816582e+03
5.494517e-01 1.196454e+05
1.161558e+00 1.007844e+05
2.312865e-01 1.355731e+04
1.790573e-01 4.174942e+04
1.305953e-01 9.534361e+04
1.505162e-01 2.298978e+04
1.932587e-01 3.033069e+04
4.030539e-01 1.749956e+04
1.679967e-01 1.425753e+05
2.878205e-03 3.292688e+03
5.073405e-01 2.299462e+05
5.831007e-03 1.151284e+05
9.920982e-01 4.008528e+04
7.171939e-01 1.128406e+04
4.081272e-01 3.668993e+04
3.549446e-01 7.293725e+04
6.934361e-02 1.378335e+05
1.900133e-01 9.497399e+04
9.317704e-01 3.219017e+04
2.190883e-01 9.247587e+03
1.739322e+00 1.564443e+05
3.281187e-02 5.631248e+04
6.929377e-01 1.493609e+05
3.111688e-01 6.149691e+04
1.469627e-01 3.313936e+05
1.529842e-01 3.438368e+04
9.643761e-01 1.782725e+05
2.326149e-01 2.469903e+04
1.621340e-01 1.007338e+05
1.076407e+00 7.299930e+04
4.548388e-01 1.972789e+05
1.275175e-01 2.217341e+04
1.222004e-01 1.354217e+05
2.247328e-01 2.126456e+04
1.028865e+00 5.188564e+04
9.542988e-01 1.245298e+04
6.699901e-01 1.391492e+03
8.253396e-01 6.363652e+04
8.221996e-01 6.978719e+04
2.763549e-01 2.690331e+05
3.300137e-02 7.750750e+04
7.037998e-01 9.885350e+04
2.768077e-01 3.182084e+05
5.735275e-01 1.201536e+04
7.338391e-02 1.182592e+04
1.093875e-01 1.536145e+04
2.868714e-01 1.070072e+04
3.080201e-01 7.440260e+04
1.386375e-01 4.560548e+04
1.591709e-01 2.984101e+05
1.992320e-01 1.005011e+04
3.119771e-02 1.330212e+05
3.679106e-02 8.580248e+04
8.096686e-02 2.864064e+05
2.051986e-01 1.162942e+05
2.756563e-01 3.717916e+03
1.231713e+00 6.252487e+03
2.476394e+00 1.041106e+04
3.176635e-01 2.904538e+04
9.245008e-02 5.316766e+05
1.045550e+00 1.009893e+04
4.794686e-01 1.582923e+05
4.625882e-01 1.385634e+04
1.153491e+00 3.050310e+04
4.268522e-01 1.381915e+04
1.092864e+00 8.023986e+04
8.472288e-01 9.335891e+04
9.524231e-03 2.008608e+05
1.783806e+00 1.102623e+05
7.022030e-02 2.158652e+04
1.445983e-01 4.751029e+04
2.087800e-01 1.481249e+05
5.973284e-01 2.616696e+02
7.861890e-01 2.614964e+04
2.558926e-01 1.806481e+05
1.993393e-01 3.716458e+04
4.457972e-01 5.699937e+04
5.005643e-02 2.056328e+05
1.589191e-02 2.900269e+04
3.595427e-01 1.299250e+05
6.635302e-01 2.205972e+05
3.256382e-01 8.363975e+04
3.166379e-02 6.598246e+04
5.360035e-02 5.151811e+04
2.164957e-01 2.635189e+04
2.075676e-02 6.278830e+04
7.379846e-01 5.375483e+04
8.385242e-01 8.878612e+04
2.927270e-01 9.126926e+04
4.549110e-01 2.123103e+04
5.548545e-01 7.003522e+04
1.718246e+00 4.419913e+04
2.116058e-01 1.870014e+04
1.837366e-01 1.557612e+05
2.206967e-01 7.150454e+04
8.630098e-02 1.027309e+05
7.772105e-01 2.739502e+05
2.051133e-01 8.402002e+03
3.864423e-01 2.108302e+05
2.996342e-02 6.346984e+04
3.271289e-01 7.223582e+04
5.280721e-01 1.359372e+05
1.752521e-01 3.277395e+04
7.606468e-01 3.883553e+05
5.813519e-01 2.476387e+05
7.921090e-01 2.560340e+05
1.349833e-01 8.832050e+04
4.873333e-01 2.896232e+05
9.305340e-02 1.081561e+05
1.614271e+00 4.065200e+04
4.661490e-02 3.003739e+04
1.072149e+00 2.797541e+04
3.909751e-01 2.038185e+05
8.204098e-02 1.327382e+05
7.893856e-01 1.591039e+05
8.329361e-01 1.471868e+04
3.553401e-02 6.513717e+04
9.123371e-01 7.144506e+04
6.069997e-01 3.074865e+05
5.265447e-02 2.714616e+03
8.506914e-01 6.174789e+04
6.896565e-02 2.357178e+04
3.846245e-01 5.301636e+04
1.626410e-01 3.014336e+04
7.734185e-01 1.455259e+05
7.153207e-02 1.855894e+05
3.780124e-01 5.008347e+04
2.862386e-01 4.890134e+04
1.608859e-02 4.005690e+04
3.308035e-01 2.794713e+05
3.832572e-01 1.269592e+05
1.053175e-01 1.030191e+05
8.002870e-01 7.953011e+04
1.551365e-01 2.202492e+04
1.699168e-01 1.267484e+04
2.020026e-01 5.769448e+04
1.421647e+00 3.389816e+04
4.877928e-02 2.217636e+05
8.403214e-01 7.829371e+01
5.690635e-01 2.305089e+05
5.399754e-02 1.364656e+05
8.984780e-01 2.192560e+04
1.728805e-01 5.957796e+04
5.185074e-01 4.526533e+04
1.126816e+00 6.078042e+04
4.155856e-01 2.272039e+05
2.757782e+00 2.223327e+04
1.452852e-02 2.372794e+05
3.288681e-02 5.176425e+04
2.787439e-01 1.643386e+05
6.631130e-02 2.195639e+05
5.835359e-02 1.236153e+05
3.623104e-01 3.276982e+04
3.259404e-02 9.717416e+03
8.749323e-02 1.957404e+05
3.148973e-02 1.334810e+04
9.386291e-01 7.728278e+04
3.517150e-01 1.417932e+04
3.636596e-01 4.400256e+04
1.401890e+00 2.125570e+04
6.785940e-01 4.696011e+04
5.775467e-01 1.208103e+04
4.930107e-01 2.969007e+04
5.486366e-01 1.375859e+05
3.440986e-01 7.157940e+04
1.293692e+00 5.396871e+03
7.485736e-01 6.923017e+04
6.121821e-01 3.453453e+03
7.286751e-02 1.119863e+05
8.403547e-02 7.074535e+04
1.741489e-02 1.039924e+05
1.017788e-02 6.768625e+04
4.114412e-01 1.666853e+05
5.484692e-01 7.325639e+04
7.917887e-02 2.775766e+05
3.321783e-01 2.725760e+05
3.221623e-01 1.590976e+04
1.789369e-01 9.002393e+04
2.721041e-01 1.933129e+04
3.558770e-01 2.504049e+04
2.159330e-01 1.083559e+05
4.290175e-01 6.141431e+04
4.465255e-02 3.799756e+05
2.037021e+00 5.974823e+03
5.296458e-01 1.095132e+05
1.019942e+00 2.738119e+04
4.788280e-02 2.692491e+04
2.254441e-01 2.287025e+04
2.966825e-01 4.424210e+04
7.619207e-01 6.193732e+04
1.920127e+00 4.299109e+04
7.105556e-03 5.325192e+03
7.555347e-01 1.613807e+05
1.025631e+00 2.724354e+05
1.347772e-01 1.483621e+04
3.302526e-01 2.276824e+04
1.017582e-01 5.657902e+04
2.471460e-01 1.143613e+05
7.616955e-03 6.684943e+04
6.585580e-01 1.777505e+05
1.369290e+00 3.461337e+04
2.733658e-02 2.122852e+05
3.419779e-01 1.496827e+05
4.975692e-01 9.659208e+04
7.853393e-03 3.239920e+04
5.135643e-01 2.587184e+04
2.958637e-02 7.738854e+04
8.783245e-01 8.073679e+04
1.244766e+00 7.184419e+04
5.883211e-02 8.334926e+03
1.104627e+00 2.247574e+05
3.441617e-01 2.980488e+03
2.091623e-01 2.441638e+05
2.399066e-01 9.458245e+04
2.813703e-01 9.966473e+02
3.507959e-01 8.784786e+04
6.403170e-01 9.072142e+04
5.015543e-01 6.039960e+04
3.535407e-01 4.827228e+04
8.797257e-02 4.895435e+04
6.904990e-01 1.269819e+05
1.078281e+00 1.519403e+04
9.832430e-02 1.251186e+05
2.941026e-03 1.215079e+04
7.477157e-02 8.094980e+04
6.700239e-01 1.549189e+04
2.401046e-01 4.744470e+04
5.607604e-01 2.511431e+05
9.737725e-02 5.750055e+03
1.032505e-01 9.151462e+03
7.646442e-01 1.665014e+05
3.777532e-01 1.523782e+04
7.111901e-01 2.642658e+05
2.472632e-01 1.291620e+05
2.462418e-01 9.762385e+04
8.182968e-02 1.583166e+03
1.135960e+00 2.193045e+05
2.033037e-01 1.350545e+05
2.046356e+00 1.100889e+05
8.479510e-02 1.292341e+05
4.603804e-01 3.490456e+04
1.111453e+00 3.304971e+04
2.684317e-02 9.260208e+04
2.248673e-01 2.200158e+05
5.047479e-01 1.452987e+04
9.753490e-01 1.135185e+05
2.970681e-01 1.175515e+04
1.155534e-01 1.098165e+04
9.797636e-01 1.307178e+05
5.110177e-01 2.617863e+05
1.379663e-01 5.890109e+04
5.874957e-01 8.433692e+04
2.190421e-01 3.408669e+04
5.631055e-01 4.462073e+04
2.595013e-01 2.719778e+04
4.463713e-01 6.449577e+04
2.755195e-02 4.925864e+04
5.128555e-02 1.073000e+05
7.502164e-01 4.427034e+04
8.378411e-01 2.411423e+04
1.774812e+00 1.282654e+05
6.983729e-01 2.146282e+05
2.398782e-01 5.532004e+04
1.398121e+00 1.434209e+04
1.846847e-01 4.228923e+04
5.453892e-01 1.133742e+05
9.055703e-01 2.366539e+04
4.033053e-03 6.799776e+04
1.225942e+00 1.564196e+05
5.385557e-01 2.900074e+05
4.520089e-01 1.159959e+05
2.649922e-01 1.192211e+05
1.287098e+00 7.087208e+04
3.635852e-01 3.162588e+04
1.238479e+00 2.021286e+03
5.998887e-01 1.140996e+05
