5.046382e-02 2.879945e+03
7.083096e-01 5.641766e+04
3.489424e-01 1.685455e+04
9.327424e-01 5.422256e+04
7.457970e-02 4.295912e+03
1.504210e+00 1.478432e+04
4.794370e-01 1.381412e+04
9.863775e-01 1.204885e+05
3.221366e-01 1.650289e+04
8.054433e-01 1.695036e+05
4.560831e-01 5.020597e+04
6.975294e-01 2.714749e+04
3.369984e-01 1.259191e+05
2.202598e-01 2.909520e+04
4.909845e-01 4.054593e+04
3.350289e-01 2.209943e+04
9.650408e-02 8.472867e+04
1.081790e-01 4.840084e+04
4.012395e-01 2.291622e+05
5.607419e-01 5.327840e+05
7.595649e-01 2.892078e+05
2.120893e-01 1.029010e+05
1.693875e-01 4.490795e+04
3.881639e-01 4.946982e+04
2.823618e-03 2.124526e+04
5.416613e-01 7.705060e+04
7.430732e-02 9.897084e+03
9.726255e-02 7.968427e+03
6.408642e-01 2.936504e+04
2.322176e-02 4.282835e+03
3.494782e-01 1.045439e+05
4.080181e-01 5.366187e+04
2.014022e-02 6.442073e+04
6.853608e-01 5.572034e+04
5.218556e-01 5.580731e+04
5.340400e-01 2.654872e+05
4.477313e-01 3.724864e+04
2.614050e-02 4.148988e+04
9.648523e-01 2.523263e+04
1.067438e+00 3.350534e+04
4.350478e-02 4.945594e+04
6.728712e-01 3.430304e+04
7.109223e-02 5.177738e+04
1.288896e+00 3.543957e+04
2.571979e-01 1.752967e+04
3.853774e-01 1.719290e+04
4.447917e-01 2.020157e+05
2.544301e-01 1.180139e+05
5.373897e-01 4.673373e+04
8.912066e-02 2.894552e+05
1.149705e-01 1.270590e+04
1.760342e-01 2.838120e+03
1.057783e-01 3.312264e+05
5.245994e-01 4.418884e+04
2.364330e-01 2.009571e+04
4.260927e-01 6.685623e+04
9.453246e-02 8.255341e+04
1.326710e-01 2.578130e+05
3.374194e+00 3.280617e+04
7.870771e-01 1.815245e+03
2.006569e-01 8.705988e+03
2.523485e-01 6.374291e+04
2.309686e-02 1.730560e+03
6.280491e-01 1.028623e+04
5.941108e-01 3.744251e+04
7.164136e-01 9.575169e+04
1.957477e-01 2.808859e+05
3.394990e-01 1.981089e+05
2.661271e-01 7.042323e+04
9.848110e-02 4.408010e+05
5.372377e-02 3.139951e+04
7.893258e-01 8.282200e+04
7.532696e-01 2.598395e+05
1.080774e-01 6.040650e+04
1.872054e-01 1.261435e+05
2.380397e-01 1.180371e+05
3.792930e-01 2.053158e+04
1.431225e-01 2.503635e+05
4.129005e-01 1.647079e+05
1.477422e-02 3.742930e+04
6.372019e-01 2.389239e+04
6.774797e-01 3.531788e+04
6.349967e-01 5.565443e+03
4.309984e-01 7.395732e+04
4.231288e-01 7.219162e+03
3.990140e-01 1.289650e+05
7.227223e-01 9.709629e+03
6.543790e-01 1.501745e+03
1.480718e-01 1.029308e+05
4.800554e-01 8.900914e+03
4.509482e-01 1.584153e+05
3.989708e-02 2.289104e+04
6.180546e-01 2.447832e+05
3.842274e-01 1.655312e+05
7.065848e-01 5.248955e+02
2.451099e-01 1.226765e+05
6.576708e-01 1.916614e+05
9.494512e-02 4.912625e+04
2.947459e-01 7.825409e+04
5.254594e-01 2.318050e+04
9.522309e-02 2.964871e+04
1.110476e-02 1.753452e+04
3.469083e-01 3.189809e+04
3.825926e-01 3.859294e+04
1.006055e-01 1.114101e+05
2.407428e+00 4.531261e+03
3.074846e-01 2.493143e+04
6.388398e-01 1.293337e+05
7.606436e-01 1.080429e+05
5.525509e-01 1.571384e+05
1.707857e-01 1.597164e+04
1.115281e+00 1.584890e+05
4.008088e-01 4.708841e+04
9.352467e-01 6.600482e+04
1.932523e-01 1.604655e+04
9.190515e-01 2.524361e+04
1.127972e-01 1.854780e+04
1.525532e+00 1.492100e+05
2.118234e+00 5.370441e+04
5.606540e-01 1.862768e+04
5.221516e-01 4.407081e+05
4.920488e-01 7.180956e+04
8.415774e-01 1.156647e+05
9.226778e-01 2.228786e+05
3.757884e-01 1.602371e+05
2.130915e-01 1.904710e+05
7.096542e-02 1.768394e+05
9.224472e-02 2.747638e+04
5.255384e-01 1.193169e+05
7.779349e-01 5.010700e+04
1.290944e-01 3.687488e+05
5.988893e-01 2.773353e+04
1.881385e-01 1.266472e+04
9.001722e-01 7.799446e+04
7.301352e-01 1.793513e+05
2.539380e-01 1.686657e+04
2.073563e-02 2.046490e+05
1.087559e-01 8.615021e+04
2.631130e-01 1.155379e+05
1.435207e-01 9.205947e+03
1.308026e-01 3.579430e+05
5.767986e-01 1.839303e+05
5.325221e-01 4.111734e+04
1.735035e-02 9.774084e+04
3.430956e+00 4.783924e+04
4.025016e-03 3.339250e+04
5.629717e-02 1.368244e+05
3.863485e-01 7.799833e+03
4.725874e-01 3.733102e+04
2.813523e-01 7.652856e+04
2.300101e-01 4.983947e+04
3.555633e-01 2.227964e+05
7.552982e-01 1.753552e+05
4.982683e-01 1.404666e+04
6.641031e-01 6.505904e+02
1.933608e-01 1.938553e+04
9.776857e-01 1.284624e+03
2.695901e-01 1.177689e+04
8.392555e-02 8.546985e+04
7.902940e-01 4.492047e+04
3.039186e-01 1.248065e+05
1.438907e-02 2.166149e+04
1.043798e+00 7.861962e+04
1.909988e-01 2.695458e+04
1.117225e-01 2.430571e+05
9.665067e-01 4.757787e+04
9.474329e-01 4.084897e+04
9.439293e-01 3.495966e+04
9.268938e-02 2.018006e+04
5.969189e-01 7.031099e+04
1.486669e-01 6.434809e+04
1.501492e-01 2.640423e+05
2.798489e-01 6.775856e+04
2.732812e-01 3.168741e+05
3.930132e-01 4.171601e+05
1.339675e+00 3.525500e+05
6.876742e-01 4.339093e+04
8.077318e-01 1.408523e+03
2.687258e+00 2.785877e+04
1.282938e-01 4.842118e+04
1.191396e+00 7.826089e+03
4.635498e-01 7.952357e+04
1.180569e-01 3.403436e+04
4.313414e-01 1.148864e+05
3.282605e-01 1.532755e+04
1.243366e+00 1.569000e+04
3.262306e-01 7.112026e+04
7.711637e-01 2.504103e+04
1.347400e+00 6.639214e+04
3.229046e-01 2.431238e+04
2.718534e-02 3.942634e+05
2.537201e-01 1.349334e+04
1.350573e-01 1.335901e+05
5.716333e-01 1.894580e+05
1.020322e+00 1.504246e+04
3.406198e-01 1.916347e+05
1.973347e-01 8.305609e+04
6.427430e-01 4.877488e+04
8.987250e-01 6.167039e+04
8.498860e-01 2.116616e+05
9.136073e-01 1.208351e+05
5.054212e-01 8.011169e+04
1.523792e-01 8.137192e+04
2.106480e+00 3.016539e+04
1.233879e-01 4.117882e+05
6.133807e-01 4.768828e+05
7.240640e-02 2.243776e+05
3.202097e-02 1.227442e+05
3.304214e-01 4.327164e+04
6.522978e-01 1.336000e+05
7.750468e-02 2.022778e+04
1.358985e-01 9.139239e+04
6.874740e-01 2.064356e+04
2.939397e-01 8.094392e+03
1.040088e+00 4.736842e+04
9.398663e-03 7.582664e+03
1.157731e+00 1.613068e+05
6.100716e-01 1.439397e+04
8.910669e-01 8.970150e+02
4.325560e-02 2.623045e+05
1.009611e+00 1.876471e+04
4.126599e-02 1.412209e+05
9.811032e-01 1.816649e+05
2.579990e-01 3.794127e+05
5.394635e-01 9.714814e+04
2.950517e-01 4.494505e+05
2.338044e+00 1.515154e+04
1.120607e-02 8.866598e+04
1.281142e+00 1.155902e+05
1.083642e+00 5.955351e+05
3.837276e-01 1.687195e+04
1.337831e-01 1.266287e+05
1.201587e-01 7.364925e+04
2.858850e-01 3.198026e+04
3.861441e-02 1.649437e+05
7.514183e-01 5.353693e+04
8.501488e-02 1.039886e+04
2.178408e-01 2.836501e+04
4.089086e-01 9.339105e+04
1.121652e-01 1.637290e+05
1.538545e-01 1.405862e+04
5.918368e-01 1.434141e+05
9.078032e-01 3.163377e+05
2.641075e-01 2.422012e+05
8.252974e-01 9.187083e+04
1.400481e+00 1.101213e+05
8.549559e-01 2.261077e+05
4.210101e-01 9.339369e+03
4.310224e-02 4.654760e+04
5.292558e-01 1.912861e+05
8.928317e-01 1.098805e+05
2.722688e-01 4.158101e+04
4.406754e-01 7.501094e+03
4.257563e-01 1.571915e+05
2.309371e-01 3.943903e+04
1.880437e-02 9.638546e+04
3.753393e-01 1.843271e+05
1.234885e-01 2.513602e+04
1.846620e+00 1.787725e+05
4.826441e-01 9.870786e+04
2.046324e-01 1.248429e+05
5.273374e-01 2.135722e+04
7.753465e-02 2.148579e+04
8.530478e-02 1.068141e+05
3.379025e-02 1.994706e+04
2.200377e-01 9.809066e+04
8.915360e-01 1.506842e+05
3.725023e-02 7.326655e+04
9.823206e-01 3.240210e+05
6.065110e-02 3.711111e+04
1.051978e+00 1.952560e+04
1.476374e-01 5.706823e+04
3.150450e-01 2.065343e+05
2.656301e-01 4.208643e+03
2.131294e-01 1.149370e+04
5.780815e-01 2.276198e+03
2.066119e-01 3.217076e+04
7.221074e-01 1.026330e+05
8.186481e-01 2.616231e+04
5.242406e-01 1.343553e+05
2.115598e-02 7.718413e+04
3.616019e-01 7.767463e+03
1.526393e+00 3.929643e+04
3.550289e-01 1.187835e+04
1.046880e-01 3.340859e+04
7.913257e-02 4.043645e+03
7.275014e-02 8.777780e+04
1.658479e+00 7.324125e+04
9.166272e-01 1.743116e+04
2.191513e-01 1.500281e+05
1.134782e+00 8.235876e+04
7.080371e-01 1.906713e+04
2.667983e-01 3.012087e+05
1.128886e-01 2.563224e+05
7.141221e-01 9.353925e+04
4.843006e-02 2.095610e+05
3.476719e-01 2.721300e+04
7.523739e-01 1.731500e+05
8.354676e-02 1.063550e+03
6.485929e-03 7.100720e+04
1.235418e+00 6.094947e+04
6.624168e-01 6.799061e+04
6.542367e-01 3.070463e+04
9.780680e-01 3.662731e+04
9.903582e-03 4.578994e+04
1.945930e-01 1.021864e+05
1.357499e+00 2.625179e+04
3.548743e-01 3.126187e+04
7.780256e-01 1.510989e+05
1.299488e+00 1.614158e+05
1.055003e+00 1.826606e+05
4.532712e-01 2.207726e+04
1.951340e+00 1.236655e+05
7.549194e-02 1.555882e+05
5.649349e-01 2.906530e+05
4.075753e-01 1.839577e+05
3.085701e-01 1.525553e+05
2.316182e-01 3.230757e+05
2.967372e-01 1.292333e+05
5.024019e-01 5.984809e+04
1.402028e-01 4.625835e+04
5.579389e-01 3.004273e+05
4.679353e-01 8.822514e+04
2.399442e-01 4.377704e+04
1.536800e+00 1.783412e+05
2.280890e-02 6.573745e+04
2.637706e-01 2.021892e+05
2.080467e+00 4.128424e+04
3.139258e-01 1.678163e+05
1.189543e+00 2.055341e+04
1.984662e-01 7.277491e+04
2.365371e-01 2.719097e+04
2.137331e-01 8.345615e+04
2.484002e-02 6.133494e+04
1.013805e+00 4.400892e+04
3.308413e-01 2.306837e+05
3.251826e-01 8.089592e+05
1.574664e-01 8.721065e+04
1.572096e-01 3.953160e+04
9.926087e-02 1.025332e+05
1.154071e-02 3.819489e+04
8.459847e-01 6.829632e+04
6.062505e-01 4.366381e+04
3.140491e-01 1.346835e+04
7.753781e-01 4.640147e+04
2.270979e-01 1.974712e+05
1.932009e-01 4.681834e+04
1.051994e-01 1.103186e+05
1.201022e+00 2.551418e+05
1.985027e-02 1.143788e+05
2.728635e-01 1.265908e+05
6.985515e-01 3.766296e+04
1.108366e+00 6.629329e+03
6.249888e-01 2.914237e+04
6.521934e-02 1.262449e+05
6.795742e-01 5.355312e+04
1.083667e+00 1.032957e+05
1.248059e-01 2.975235e+05
2.479637e-02 8.958968e+03
1.468422e+00 1.764511e+05
4.265616e-01 6.535036e+03
1.839924e-01 1.997769e+05
1.383981e-01 2.307945e+05
3.392361e-01 3.074205e+04
3.622405e-01 4.095326e+05
7.400501e-01 1.683665e+04
2.458147e-01 6.126007e+03
1.622642e+00 6.553449e+04
1.034643e+00 4.409390e+03
1.621836e-01 5.231243e+04
2.732313e-01 9.957404e+04
6.572739e-01 3.243169e+04
1.034649e+00 1.068813e+05
4.760428e-01 9.526902e+04
3.846994e-02 4.697504e+04
3.733012e-01 5.723022e+03
3.133034e-01 6.293223e+03
2.265087e-01 1.477591e+05
9.663543e-01 4.287668e+04
4.357882e-01 4.179583e+04
6.795067e-02 4.192731e+05
6.501392e-02 2.674025e+04
1.976289e-01 3.676891e+04
1.118038e+00 3.287291e+04
8.728562e-02 1.274224e+05
7.009178e-01 1.217456e+05
3.211289e-01 5.908706e+04
4.637759e-01 1.481785e+05
4.113102e-01 2.029142e+05
7.710999e-01 2.164405e+04
3.645451e-01 1.677411e+05
5.138143e-01 2.104240e+04
2.016652e-01 5.037955e+04
1.628132e+00 8.693375e+04
1.301300e-01 2.424661e+04
3.846832e-01 5.977718e+04
2.460689e-01 3.044105e+04
2.318319e-02 2.302121e+04
5.924665e-01 1.421047e+05
8.875378e-02 1.054193e+05
4.878304e-01 2.463027e+04
4.685811e-01 1.067201e+04
9.127352e-02 1.768082e+05
9.025988e-01 7.823027e+03
8.768210e-01 6.268356e+04
7.940023e-01 1.037169e+05
1.914049e+00 8.349229e+03
8.432632e-02 6.059446e+04
4.785110e-01 5.428377e+04
1.383142e-02 7.181308e+03
1.631625e-01 1.015595e+05
1.799343e+00 2.737243e+03
4.737166e-01 6.902666e+03
8.634835e-01 6.688388e+04
1.492465e-01 1.408231e+05
4.093816e-02 2.410926e+04
1.094856e-01 2.176607e+05
3.157816e-02 9.632884e+04
5.385427e-01 2.001544e+04
7.572542e-01 8.978281e+04
7.103545e-01 9.277768e+04
7.460584e-01 6.903583e+03
1.748432e+00 6.022634e+04
9.668569e-02 1.852651e+03
2.962175e-01 5.617969e+04
6.304682e-01 2.176013e+05
1.275573e+00 6.185241e+04
2.093647e-01 7.933879e+04
6.808988e-02 2.044238e+05
7.191164e-01 5.407546e+05
5.695131e-02 1.377009e+05
4.736237e-01 1.617998e+04
9.078378e-03 2.343733e+05
9.639456e-01 2.487171e+04
2.522525e-02 1.251773e+05
1.080793e+00 9.365554e+04
2.894146e-01 1.698296e+05
1.356617e+00 3.892486e+05
1.465569e+00 1.333533e+05
1.779288e-01 3.645372e+04
1.790918e+00 7.100646e+04
8.524726e-01 1.962234e+05
1.095584e-01 1.466036e+05
1.808931e-01 1.055942e+05
1.011824e+00 2.401394e+05
2.592253e+00 2.215003e+04
2.448860e-01 1.032122e+05
7.208299e-01 2.437718e+05
1.462099e+00 1.213208e+04
5.383012e-01 6.209011e+04
2.356844e-01 3.203964e+04
2.080575e-03 4.799521e+04
1.497610e+00 3.420891e+04
4.336162e-01 8.784232e+04
7.700307e-01 1.284448e+05
2.730704e-01 1.156111e+04
3.959943e-02 8.092143e+04
6.802055e-01 9.595330e+04
4.693456e-02 1.925974e+05
2.690967e+00 2.529664e+03
4.832879e-01 4.927899e+04
3.905046e-01 1.205199e+05
4.359013e-01 4.966424e+04
1.327420e-01 9.227731e+04
8.153676e-01 1.032030e+05
1.041074e-01 5.463529e+04
5.212190e-01 1.517458e+05
5.271476e-01 8.835029e+04
4.108115e-01 8.514612e+04
8.430041e-01 4.381792e+04
3.086766e-01 1.917727e+05
3.619418e-02 1.032492e+05
4.761530e-01 4.768045e+04
1.696772e-01 1.451402e+05
6.930009e-02 4.951002e+04
3.132750e-01 1.057406e+05
3.634977e-01 5.843545e+04
3.079415e-01 8.079604e+03
6.641723e-01 4.724883e+03
3.942251e-01 3.444090e+04
1.345264e-01 1.531421e+04
9.241008e-02 5.228195e+03
1.413922e+00 3.612831e+03
4.815592e-02 2.022235e+04
1.789608e+00 9.972160e+04
2.613756e-01 4.094042e+04
1.161141e-01 2.009364e+05
1.547736e+00 2.181324e+05
2.346427e-01 9.829772e+04
7.158625e-02 3.853618e+04
1.350425e+00 4.526229e+03
5.245198e-01 5.548995e+04
2.809519e-01 6.869561e+04
5.254435e-01 7.006918e+04
1.945529e+00 2.245624e+05
2.871247e-02 3.852577e+04
6.612183e-01 1.256811e+04
2.227367e-01 6.980981e+03
7.598450e-02 3.523436e+04
1.010447e-01 2.562877e+03
4.754951e-02 3.348427e+03
7.346188e-01 1.035496e+03
3.992945e-02 1.474700e+05
7.470695e-01 3.110042e+04
2.817526e-02 1.104656e+04
5.367530e-01 1.953159e+04
4.801632e-01 5.779740e+04
2.732595e-01 1.806485e+05
4.299056e-01 1.286329e+05
8.148972e-02 2.151819e+04
9.831855e-01 3.985337e+03
8.116555e-01 1.358971e+05
2.791766e-02 9.207099e+03
1.208690e+00 8.543396e+02
1.132310e+00 1.539715e+05
2.554807e-01 6.614074e+04
4.075046e-01 1.427039e+05
1.117908e+00 7.128843e+04
1.656469e-01 1.010503e+05
6.175568e-01 5.579046e+03
6.083849e-02 2.518613e+04
1.702462e-01 1.977549e+05
4.349881e-02 3.566022e+03
8.069394e-01 9.225320e+03
1.078395e+00 1.308381e+05
1.417462e+00 5.886724e+04
2.267672e-01 1.720866e+05
1.259512e+00 1.159816e+04
9.038549e-02 1.934092e+04
7.362169e-02 8.499667e+04
7.425654e-01 1.132957e+05
6.052799e-02 1.132960e+05
3.836522e-01 6.009601e+03
3.673653e-01 3.522435e+05
2.386442e-01 1.529771e+05
3.676145e-02 3.221911e+05
9.129496e-01 2.662033e+03
1.425840e-01 2.329802e+04
7.654718e-02 2.547022e+04
3.630967e-01 5.520540e+04
2.455192e-01 7.199699e+04
1.851886e-02 1.562969e+04
