4.615229e-02 3.592928e+04
1.955432e-01 9.316730e+04
1.006268e-01 2.331017e+05
3.475728e-01 2.003426e+04
5.299831e-01 1.341045e+05
2.545648e-01 1.315006e+05
4.755214e-01 2.087052e+04
2.829705e-01 6.975443e+03
5.527084e-01 1.093603e+04
5.764101e-01 2.057820e+05
1.484213e-01 1.358750e+03
5.970896e-01 1.528290e+05
9.946314e-01 1.968567e+05
5.964382e-01 2.722358e+05
1.148648e-01 1.910394e+05
5.699520e-01 2.684986e+04
1.791785e-01 2.114510e+05
2.048677e-01 3.431088e+04
4.617806e-01 1.101466e+05
2.035683e-01 5.864504e+04
2.441845e-01 5.824075e+04
1.873236e-02 2.455917e+05
5.493504e-02 5.502326e+04
1.815850e-01 1.866837e+05
3.107240e-01 4.074101e+04
1.959362e-01 3.251085e+04
1.359131e+00 3.311595e+04
6.507401e-01 1.853438e+04
6.342772e-02 5.558412e+04
4.147598e-02 1.408518e+05
3.425507e-01 1.134788e+05
4.901884e-02 6.016099e+04
3.697782e-02 3.316753e+04
7.513556e-02 1.465644e+04
6.205206e-01 2.971228e+05
9.636559e-01 7.356728e+04
7.556519e-01 1.061672e+05
7.413144e-01 4.370104e+04
5.624715e-01 3.499221e+05
9.248072e-01 2.911800e+05
4.906768e-01 2.349343e+03
2.386312e-01 2.396666e+04
1.368677e-01 1.090265e+05
1.197354e+00 9.082484e+04
1.330351e-01 8.330361e+04
1.283540e-01 2.289329e+04
1.736246e-02 9.442358e+04
1.128542e+00 2.518553e+05
1.398759e+00 1.314588e+05
1.090899e+00 1.057689e+05
1.556728e+00 8.343344e+03
5.812605e-01 2.379207e+05
1.442235e-01 6.250925e+03
2.899743e-02 8.345255e+03
9.381912e-01 2.283180e+05
8.307111e-01 3.070260e+04
3.065695e-01 5.043365e+04
8.422965e-01 6.118054e+04
5.535806e-02 8.195963e+04
1.152683e-02 1.501940e+04
9.357011e-02 1.301527e+05
3.326943e-01 3.860970e+04
5.335137e-02 1.131093e+05
1.213649e+00 3.057959e+05
5.022319e-01 3.194688e+04
1.605236e-01 1.576676e+05
1.165372e-02 1.351299e+05
1.341406e+00 4.508215e+05
4.776999e-01 2.072261e+04
1.421628e+00 1.478245e+05
3.329281e-01 1.004044e+05
7.080428e-02 1.810712e+05
2.459265e-01 1.534820e+05
1.607538e-01 3.350375e+05
9.138078e-01 7.892729e+04
1.212498e+00 1.129105e+04
1.046524e+00 5.321821e+03
2.452818e-01 1.162143e+05
3.523832e-01 7.204760e+04
7.150216e-01 6.008671e+04
4.932952e-01 1.262666e+05
2.905072e-01 1.063682e+04
1.438399e+00 2.182199e+04
7.693715e-02 1.177056e+05
1.061623e-01 4.295482e+04
2.970734e-01 1.782018e+05
8.237523e-01 8.914678e+04
1.452551e-01 1.553368e+05
3.675929e-01 1.613280e+05
5.956208e-01 6.757362e+03
5.563899e-01 9.549921e+04
1.172177e+00 2.424141e+04
1.611106e-01 1.000926e+04
2.918642e-02 7.604682e+04
4.349496e-01 3.830840e+04
6.688419e-01 4.157787e+04
2.304733e-01 2.148380e+04
1.666270e-02 4.955781e+04
7.929041e-01 5.645566e+04
9.917284e-01 2.383990e+05
6.440522e-02 1.964685e+05
5.667453e-01 2.789160e+05
1.238861e-01 6.233869e+04
3.374882e-02 9.326071e+03
2.242950e-01 5.541890e+04
1.599734e-01 6.441135e+04
3.339245e-01 1.318720e+05
5.637812e-01 8.739873e+04
1.610753e+00 3.387813e+04
6.389581e-01 4.866791e+04
9.277343e-01 1.862872e+04
6.627146e-03 1.272485e+05
5.976809e-02 2.139541e+04
1.891895e+00 1.085106e+05
3.652191e-01 1.416098e+05
2.114406e-01 1.793384e+05
3.862427e-02 3.901745e+03
1.313089e+00 2.801328e+03
9.984114e-01 2.716931e+05
5.737623e-02 1.125080e+05
1.835354e-01 1.463212e+04
3.244199e-03 2.444728e+00
2.286403e-01 1.018298e+05
7.557858e-01 1.290498e+05
8.183667e-02 2.471315e+04
6.098782e-01 9.399025e+04
3.033974e-02 2.109156e+04
3.842466e-01 2.108987e+05
7.006877e-01 4.967957e+04
1.400233e-01 1.293264e+03
3.778594e-01 9.397564e+04
3.989065e-01 5.202960e+04
7.138497e-01 7.376622e+04
4.805799e-02 5.923942e+04
6.647622e-01 7.896687e+04
2.030687e-01 1.856232e+05
6.841922e-02 1.842874e+04
3.960090e-01 9.755474e+04
8.901678e-02 1.636402e+04
5.169441e-01 1.356197e+04
1.848487e-02 7.159531e+04
5.493372e-01 5.632336e+04
3.681750e-01 1.929484e+03
1.198459e-01 8.357942e+04
3.587842e-01 4.000539e+04
7.248612e-04 8.368171e+04
8.870256e-01 2.073237e+03
4.314988e-01 1.040663e+05
8.519533e-01 9.634396e+04
1.359455e-01 4.695600e+04
1.826228e-01 5.146465e+04
4.093679e-01 2.760190e+04
2.194461e-01 9.892680e+03
9.358861e-01 1.611247e+05
6.330630e-01 1.399601e+04
2.656521e+00 1.643977e+05
7.658341e-01 6.827868e+04
2.936912e-01 1.484078e+04
5.187844e-01 5.523940e+04
1.013477e+00 1.217234e+05
2.544375e-02 2.409514e+05
4.474819e-01 1.979009e+05
3.185178e-01 1.093920e+04
1.681254e+00 3.211595e+04
6.910761e-01 1.017021e+05
1.447596e-01 1.260474e+05
6.867691e-01 1.108976e+05
2.550127e-01 9.257356e+04
1.215812e-01 6.520275e+04
6.198823e-01 4.610088e+03
8.698113e-02 5.499456e+04
2.686651e-01 1.312646e+05
1.839383e-02 2.644951e+04
3.695404e-02 3.810065e+04
1.260356e-01 3.891052e+04
1.321034e-01 5.580977e+04
2.007357e+00 5.066517e+04
2.919014e-01 2.823038e+05
6.301417e-01 1.977791e+05
7.679529e-02 2.536382e+05
1.004057e+00 1.500361e+04
2.997643e-01 1.723522e+05
6.813713e-01 2.990993e+03
1.192465e+00 1.147979e+05
1.289554e-02 1.747938e+05
7.994860e-02 1.442240e+05
6.002999e-01 1.521325e+05
7.991687e-01 2.730938e+04
6.911079e-02 1.144704e+05
2.270934e-01 1.776332e+03
1.372047e-01 2.957649e+05
7.677022e-01 2.348697e+05
1.141004e-01 2.301489e+03
8.476549e-01 1.887139e+05
5.650135e-01 3.867951e+05
1.043522e+00 1.908712e+05
3.130555e-01 5.261956e+04
1.046655e-01 2.204672e+05
1.931552e-01 2.541321e+05
1.239416e-01 8.325508e+03
8.966534e-01 3.623348e+05
1.061318e-01 2.361081e+05
3.333534e-01 4.640918e+04
4.068270e-01 1.084306e+05
1.580083e-01 2.229968e+04
6.249428e-01 9.964162e+04
9.218786e-01 1.376016e+05
1.083899e-01 4.603564e+04
1.189669e-01 3.582247e+03
4.954849e-01 2.268499e+04
1.027574e-01 1.849089e+05
1.106603e-01 1.555013e+05
1.745835e-02 1.432325e+04
3.529172e-01 2.783985e+05
1.079283e+00 2.194353e+05
2.929050e-01 4.057405e+02
3.334083e-01 1.368305e+04
6.203802e-01 3.868801e+04
7.189940e-01 1.118433e+05
8.028727e-01 7.886959e+04
8.426645e-02 1.932242e+04
8.256407e-01 1.533998e+03
1.407541e-01 1.408696e+04
2.249572e-01 3.695595e+04
1.936295e-01 7.670817e+03
2.431952e-01 3.462947e+05
4.482667e-01 1.414633e+05
3.320893e-02 6.333352e+03
2.008653e-01 8.764248e+04
1.311557e-01 1.498843e+05
4.213836e-01 5.679998e+04
1.780892e-01 8.652076e+04
7.429043e-01 9.939491e+04
6.777496e-01 4.931617e+04
1.290671e-01 8.683802e+04
6.062527e-01 1.103170e+05
1.540745e+00 1.018004e+05
1.087684e-01 1.879103e+05
5.877779e-02 1.370479e+05
2.363907e-01 5.562766e+04
9.885667e-01 1.475368e+05
3.093714e+00 8.989962e+04
1.026262e+00 9.801925e+04
9.780121e-01 3.344706e+04
2.206209e-01 8.003113e+04
5.859890e-01 5.607546e+04
1.706836e-01 5.761844e+04
2.840437e-01 1.281480e+05
1.112259e-01 1.313003e+05
5.467053e-01 5.907658e+05
5.863503e-02 8.110334e+04
1.128489e+00 5.199142e+03
3.262779e-01 1.341928e+04
3.583399e-01 4.475281e+04
8.351925e-03 3.155757e+05
7.881176e-01 1.684696e+05
5.449659e-01 1.242805e+04
7.182066e-02 1.516614e+05
5.836856e-01 2.097895e+05
2.440845e-01 2.067079e+05
2.482729e-01 7.512096e+04
3.520719e-01 4.449268e+04
1.753365e-01 5.484112e+05
1.136372e+00 9.569644e+03
1.810452e-01 2.569831e+04
9.840880e-01 6.795334e+04
8.506889e-03 1.230899e+05
6.319634e-01 1.566540e+04
3.502465e-01 7.138918e+04
3.198654e-02 3.619503e+04
1.936897e-01 1.333222e+05
3.635626e-01 1.874471e+05
8.255927e-02 2.871716e+05
4.671977e-02 1.407464e+05
1.035332e-01 6.365111e+05
8.051583e-01 3.013978e+04
8.466377e-01 6.346508e+03
3.880510e-01 1.945953e+05
4.643861e-01 1.533807e+05
3.957125e-01 4.990100e+04
3.031312e-01 1.101649e+05
3.515725e-01 2.462287e+05
1.127657e-01 1.647415e+05
1.257288e-01 3.515672e+04
2.672228e-01 1.362151e+05
8.977503e-01 1.854796e+04
1.097086e-01 9.082220e+04
2.966961e-01 2.318576e+05
1.566188e-01 9.472230e+04
4.528990e-01 4.108806e+04
2.821535e-01 5.440706e+04
8.133390e-03 6.178380e+02
1.449105e-01 2.514432e+04
3.788529e-01 7.632855e+04
4.987787e-01 1.465143e+04
1.507928e-01 1.501005e+05
8.686419e-02 3.089499e+04
8.152233e-01 6.231503e+04
6.848286e-02 3.294222e+04
8.236953e-02 5.310599e+04
3.878536e-01 2.114105e+05
5.915617e-01 1.295625e+05
2.769870e-01 2.453585e+04
1.963448e-01 2.749774e+05
8.175328e-01 6.261048e+05
7.904194e-01 3.854752e+04
7.569946e-01 1.522181e+04
3.525226e-02 8.056491e+04
5.478319e-01 9.967150e+04
5.915665e-01 1.963630e+05
1.391558e-01 1.231724e+05
6.159400e-01 2.651102e+02
2.974044e-01 2.444562e+05
1.127703e+00 4.960369e+04
7.619441e-01 2.456893e+05
4.989640e-02 2.272635e+03
4.143845e-01 2.400981e+05
4.215392e-01 7.757914e+03
8.623044e-01 8.658718e+04
9.397160e-01 1.149582e+05
2.336868e-01 3.622233e+04
2.290474e-01 3.299056e+04
3.034830e-02 3.426819e+04
1.965760e-01 4.432914e+04
3.789127e-02 2.440299e+05
7.116069e-01 9.652077e+03
4.686068e-02 6.142195e+03
2.990325e+00 1.833373e+05
6.938265e-01 5.647517e+04
4.247595e-01 9.290684e+03
9.271146e-01 3.080429e+04
7.075518e-02 3.365047e+04
4.572248e-01 3.975718e+05
2.318499e-01 1.423048e+05
3.797500e-01 1.249411e+04
4.808861e-02 3.881969e+05
1.082455e-01 1.292957e+05
3.397049e-01 1.076020e+05
1.712757e-01 1.654480e+05
1.074438e+00 1.364363e+05
1.310903e+00 3.797917e+05
2.525105e-01 6.213686e+05
1.007372e-01 3.323506e+05
4.585892e-04 1.050320e+05
8.427250e-02 1.820603e+05
4.129543e-01 2.968852e+05
1.199385e-02 1.581730e+05
6.980840e-03 4.596188e+04
5.351271e-01 1.493739e+05
8.537553e-01 2.053163e+03
2.359271e-01 4.988217e+04
1.033064e-01 8.027270e+04
2.634031e-01 2.486717e+05
3.515299e-02 7.954727e+04
2.764128e-01 5.817605e+04
2.729129e-01 2.013783e+04
1.236677e-01 6.483687e+04
1.406383e-01 1.403117e+05
1.108220e-01 1.396588e+05
2.347780e+00 1.678843e+05
7.857561e-02 7.130344e+04
2.767689e-02 2.962534e+04
1.685678e+00 2.299700e+04
1.109960e-01 7.909144e+03
1.308876e-02 3.074067e+05
9.440172e-01 2.961308e+04
3.804177e-02 9.513792e+04
2.127481e-01 1.370951e+05
7.046234e-01 1.870253e+04
3.835032e-01 1.615891e+04
1.891677e+00 3.455454e+04
2.094190e-02 2.214053e+04
3.746588e-01 1.408540e+04
1.052766e+00 2.649594e+04
1.228193e+00 3.447243e+04
6.156136e-01 4.616271e+04
2.885722e-01 8.038977e+03
5.445560e-01 7.651702e+04
1.148223e-01 1.298164e+05
9.433089e-01 2.598845e+04
1.966104e+00 1.490790e+04
2.551617e-01 4.937762e+04
6.471024e-01 2.376785e+04
2.246222e+00 3.702125e+03
1.439156e-01 3.588972e+04
1.430014e-01 2.358506e+05
3.577990e-01 6.254747e+04
1.126251e-01 1.319472e+05
4.302676e-01 1.360053e+05
3.758107e-01 4.019255e+04
1.586747e+00 8.079570e+04
1.378262e-01 2.421634e+04
1.611600e+00 2.787622e+04
3.130813e-01 1.887133e+04
3.149375e-01 5.991976e+04
1.690327e+00 6.157609e+04
6.776883e-01 2.927196e+04
3.030904e-01 1.693684e+04
5.056942e-01 1.723269e+05
6.552002e-01 1.083087e+05
1.250831e-01 1.249659e+04
1.700755e-01 1.153680e+05
2.887382e-02 2.711988e+04
7.475665e-01 2.475334e+03
2.876453e-01 1.827362e+05
6.267315e-01 8.390117e+04
1.070838e-01 1.618476e+05
6.802658e-01 6.266062e+04
1.315738e+00 1.660502e+03
4.050815e-01 2.278538e+02
6.133056e-01 9.427183e+04
3.184230e-02 5.026713e+04
1.194023e+00 7.551203e+04
2.058883e-01 2.385751e+05
3.656491e-01 5.685182e+02
5.264144e-01 2.406562e+05
9.364151e-01 5.846237e+04
1.402004e+00 7.337369e+04
4.662754e-01 2.446649e+05
2.922502e-01 2.864304e+04
1.206560e+00 2.460226e+05
1.396102e+00 9.734173e+04
1.622002e-01 1.970058e+04
4.535868e-01 2.322727e+05
2.310281e-01 1.098119e+05
9.566083e-03 6.915742e+04
1.114334e-01 1.175611e+04
8.232957e-01 1.122336e+05
3.127496e-01 2.301657e+03
5.004189e-02 1.209145e+05
8.025263e-02 7.460490e+04
9.316977e-01 1.585540e+05
4.657453e-01 1.785784e+02
4.757863e-01 1.411607e+05
2.125037e-01 1.666466e+05
8.032033e-02 8.869415e+03
1.896430e-01 1.962376e+04
5.809254e-03 3.370421e+04
6.344477e-01 1.311645e+05
4.158200e-01 6.112051e+04
1.259961e-01 6.840216e+03
5.612030e-02 1.968244e+04
1.925363e-01 9.221746e+04
3.035362e-01 1.988081e+05
8.886387e-01 4.507896e+03
2.534167e-01 2.638549e+04
1.793196e-02 1.404781e+04
8.312525e-02 2.581748e+04
1.003927e+00 1.234494e+05
3.466470e-01 1.081454e+04
5.937908e-01 3.192137e+04
6.456030e-01 1.944553e+04
1.306539e-01 1.329379e+05
1.028367e+00 6.534339e+04
2.726839e-01 8.968304e+03
8.654033e-03 7.117884e+04
6.352212e-02 1.562450e+05
1.118007e+00 2.035558e+04
1.293995e-01 1.763737e+04
1.908944e-01 6.277399e+04
1.514744e-01 9.316004e+04
1.087549e+00 2.322046e+05
1.173150e+00 9.380125e+04
3.350266e-01 1.308848e+05
4.975374e-01 2.687480e+05
7.020477e-02 8.929582e+04
7.444814e-01 7.190673e+04
6.910874e-01 2.315180e+05
8.201784e-01 1.511498e+05
1.685276e-01 8.844737e+04
5.065793e-02 1.647462e+05
4.654592e-01 2.599968e+04
1.258907e-01 2.877925e+05
2.059769e+00 3.470616e+03
1.550241e-01 7.894860e+03
2.794075e-01 5.671157e+04
2.682633e-02 9.238205e+04
5.303637e-01 7.565005e+04
8.141074e-02 3.327432e+04
6.538264e-01 3.559871e+04
5.832160e-02 8.288325e+04
1.711926e-01 1.079767e+05
2.741533e-01 2.643838e+04
1.324537e+00 9.812625e+04
1.289340e-01 4.449650e+04
3.691400e-02 2.400642e+05
2.159229e-01 2.207442e+04
7.877373e-02 3.749521e+04
1.039359e+00 1.836856e+05
7.850588e-01 4.493639e+04
8.029927e-01 1.132933e+04
6.421513e-02 8.249487e+04
3.744763e-01 7.217117e+04
2.788599e+00 1.087958e+05
6.553228e-01 3.828926e+04
1.129400e+00 4.827619e+05
6.593413e-01 1.344604e+05
2.725644e-02 3.397654e+03
9.591899e-01 6.458568e+03
5.480215e-01 5.566165e+04
2.830119e-01 7.737757e+04
3.335844e-01 9.217112e+04
1.848628e-01 1.962460e+05
1.807947e-01 1.454370e+05
1.225144e+00 9.443640e+04
6.269348e-03 3.616090e+04
2.480729e-01 6.052797e+04
2.131613e-01 6.326782e+04
6.157817e-01 7.731274e+03
2.285906e-02 9.128145e+04
6.703679e-02 5.692420e+03
2.030039e-01 1.179775e+05
1.129808e-01 1.441806e+05
1.000911e-01 1.370353e+04
2.362304e-01 7.212527e+03
2.745311e+00 1.322772e+05
6.307118e-02 1.304310e+05
7.144287e-01 5.625889e+05
8.661150e-01 3.221958e+03
8.458709e-01 1.543376e+05
2.394289e-01 2.124124e+04
1.004067e+00 5.814813e+04
6.558094e-05 3.865054e+05
3.101406e-01 2.681879e+04
1.678804e-01 7.700515e+04
2.560259e-01 1.481597e+05
1.361975e-01 8.625464e+04
6.945216e-02 9.221501e+04
7.011502e-01 9.902081e+04
4.515364e-01 1.421698e+04
1.040302e-01 1.010695e+05
3.907187e-01 6.769475e+03
5.108531e-01 2.322089e+04
3.845177e-02 8.278243e+04
5.506585e-01 1.970122e+05
6.946415e-02 3.169219e+05
1.557052e+00 5.981785e+04
5.705653e-01 1.990827e+04
1.343160e-01 8.852234e+04
1.678017e-01 1.672283e+03
3.594964e-01 1.579110e+05
3.045836e-01 1.976152e+05
3.800449e-01 1.325593e+05
9.231156e-01 4.503641e+04
5.226136e-02 1.066888e+05
1.259860e+00 5.580915e+04
3.799718e-02 3.732031e+04
2.574858e-02 1.064461e+05
3.764536e-01 2.023529e+04
1.325236e+00 1.906524e+05
1.325089e+00 1.077130e+05
5.851887e-01 7.059809e+04
6.489109e-01 1.915848e+03
