2.273823e-02 1.418702e+05
8.077384e-01 1.058785e+05
2.840204e-01 1.051851e+04
3.190020e-01 7.150886e+04
1.326841e+00 4.820674e+03
3.831765e-01 1.044782e+04
4.574019e-01 6.517483e+04
9.014146e-02 1.522878e+05
4.495185e-01 1.231935e+05
4.958379e-02 1.754034e+05
6.098283e-02 3.281819e+03
2.838248e+00 1.122395e+05
4.506507e-01 1.729668e+04
3.285805e+00 6.786342e+04
8.991263e-01 3.276073e+05
4.682359e-01 6.338404e+04
5.252486e-02 4.106991e+04
6.779500e-01 2.037337e+04
7.526766e-01 2.334082e+04
5.667929e-01 3.336379e+05
2.614899e-01 3.076925e+05
4.591854e-01 1.641642e+04
2.697150e-01 5.929305e+04
4.801024e-01 2.005129e+03
3.542505e-01 4.674295e+04
8.105848e-01 1.502118e+05
7.247852e-01 1.969167e+04
1.927633e-01 1.355640e+04
5.545889e-01 8.181794e+04
4.214756e-01 6.191407e+03
6.086714e-03 1.122978e+03
1.684106e-01 1.856282e+05
6.518598e-01 2.166282e+04
2.370124e-01 3.562260e+04
1.323740e+00 5.176554e+04
1.005620e-01 2.137332e+04
5.950713e-02 2.200396e+04
6.946630e-02 5.315802e+04
7.276977e-01 1.600219e+05
2.689091e-01 2.043590e+04
1.078922e+00 1.702536e+05
3.571711e-02 1.307943e+05
1.655114e+00 9.962138e+03
2.359900e-01 2.690091e+05
8.462366e-01 1.575925e+04
6.148528e-01 1.897899e+05
6.029870e-02 2.028937e+05
1.985273e-01 3.313198e+04
2.706893e-01 2.259337e+05
5.186030e-01 1.017003e+05
1.900242e+00 7.823973e+04
4.907979e-02 3.351423e+04
2.869531e-02 4.424149e+04
1.140378e+00 1.589746e+05
3.032314e-01 1.144499e+05
6.019300e-01 1.980922e+05
6.807784e-01 6.043852e+04
5.387972e-01 5.648284e+04
2.845459e-01 2.729644e+04
1.203641e+00 3.898052e+05
5.798501e-01 2.101755e+04
2.213611e-01 3.873923e+04
2.047755e-01 5.994707e+03
6.574147e-01 1.481005e+04
1.014012e+00 1.385024e+05
1.691195e-01 1.253082e+04
1.172091e+00 2.465580e+04
1.165177e-01 1.969672e+05
9.291086e-01 9.906098e+03
6.479138e-01 1.255904e+04
3.128704e+00 1.148993e+05
1.068233e+00 1.868207e+05
1.560547e-01 1.133936e+05
2.981540e-01 1.056493e+05
4.131323e-01 2.831174e+04
2.572912e-02 2.499109e+05
1.978919e-01 4.520394e+04
2.498501e-01 1.142836e+05
8.116663e-01 1.773163e+05
7.740971e-01 4.367595e+04
1.777660e-01 3.654735e+04
8.192901e-02 1.364042e+04
2.833538e-01 4.855079e+04
4.089092e-01 1.958059e+05
8.789686e-01 1.401213e+05
1.104969e-01 6.709381e+04
1.830761e-01 5.273335e+02
2.637654e-02 8.673582e+04
5.683506e-01 5.738337e+03
2.474970e-01 5.042332e+01
6.094397e-01 8.214828e+04
7.310837e-01 7.220893e+04
5.698962e-01 5.979818e+04
5.934052e-01 1.606400e+04
1.173937e-01 2.939625e+04
8.863306e-01 2.492370e+05
1.701922e-01 6.192909e+04
4.996552e-02 8.984381e+04
1.897066e-01 1.016808e+05
1.216990e-01 6.141117e+04
3.924695e-01 2.115203e+04
3.286845e-01 8.345145e+04
3.484878e-01 2.927447e+05
9.065179e-01 2.242645e+04
5.589946e-01 3.392094e+05
6.714361e-01 1.823184e+05
4.672215e-03 4.124808e+05
6.497923e-01 2.334103e+05
2.201600e-01 2.444093e+05
1.522911e-01 2.353763e+05
4.106793e-01 1.748745e+04
1.407904e-01 2.168376e+05
1.099743e+00 2.198460e+04
7.397493e-02 1.630494e+04
2.750305e-01 7.871862e+04
1.126291e+00 8.620947e+03
8.361507e-01 1.351812e+05
3.171086e-01 1.465993e+05
8.292021e-01 2.765178e+04
3.145527e-02 5.213528e+04
3.732477e-01 3.884463e+04
4.027522e-01 1.020081e+04
8.889098e-01 8.657947e+04
1.995595e+00 1.328261e+05
7.356958e-01 6.264406e+04
2.962095e-01 5.745668e+04
2.065874e-01 8.213820e+04
1.899792e-01 1.008564e+05
2.535360e-01 3.553147e+05
6.217154e-01 1.871020e+05
4.945692e-02 9.017618e+04
1.904679e-02 7.306904e+03
2.358251e-02 1.610052e+05
1.295838e-01 5.477505e+04
6.233510e-01 3.820051e+04
2.776302e-01 2.746042e+00
1.529630e+00 1.771902e+05
1.432828e-02 1.391125e+04
8.458703e-01 3.512709e+04
1.357606e-01 6.491653e+04
1.192148e-01 3.257541e+05
4.405540e-02 1.324109e+05
1.300845e-01 3.161064e+04
2.477302e-01 4.940453e+04
2.746370e-01 6.963576e+03
6.687161e-01 1.855600e+04
4.405181e-01 6.609181e+04
1.146908e-01 5.444845e+04
4.413819e-01 1.831345e+04
3.839989e-02 6.874457e+04
9.362251e-01 7.847380e+04
1.069231e-01 9.665190e+04
3.402113e-01 2.740228e+04
7.777921e-01 1.025698e+03
1.398268e+00 9.348933e+04
7.430972e-02 1.531839e+05
4.240689e-01 4.271503e+04
2.470503e+00 1.589717e+04
6.934854e-03 5.160063e+04
3.579307e-01 1.346031e+05
7.553035e-01 2.130808e+04
8.739283e-01 4.469877e+04
6.173051e-01 2.931861e+04
1.189425e+00 4.313377e+04
2.927095e-01 3.513989e+02
5.610789e-01 4.167918e+04
1.026374e+00 3.483132e+05
4.170709e-02 2.983795e+04
7.448336e-02 1.062638e+05
1.711379e-01 4.782643e+04
7.512869e-01 1.922157e+05
4.955596e-01 1.060581e+05
6.579259e-01 1.079896e+05
6.195719e-02 3.398922e+03
1.133286e+00 1.439274e+05
2.350712e-01 8.079559e+03
1.624582e-01 1.465575e+05
6.313318e-03 1.843694e+05
2.995992e-01 2.351560e+05
3.352211e-01 1.123064e+05
1.760412e-01 1.168212e+04
2.184956e-01 6.907172e+04
1.919885e-02 4.854491e+04
1.058389e+00 2.817763e+05
4.722033e-01 8.437226e+04
1.701706e+00 1.668166e+04
5.053641e-01 1.051537e+03
9.786532e-01 1.036591e+05
3.521723e-01 6.484799e+04
5.107976e-01 8.499144e+04
1.293069e+00 2.176457e+03
1.582448e-02 2.060739e+04
1.190332e-01 2.727116e+03
8.789439e-01 7.439231e+04
5.581205e-01 2.117401e+05
3.904212e-01 4.334140e+04
4.654965e-01 4.974738e+04
3.085647e-01 1.829605e+05
7.337827e-01 2.439126e+05
7.020942e-01 2.310145e+04
3.565805e-01 8.433868e+04
2.425457e-01 1.273744e+05
1.336173e-01 1.716413e+03
5.258827e-01 6.554252e+04
5.673166e-01 1.708018e+05
1.071257e-03 1.552509e+05
1.089452e-01 1.448817e+05
4.657276e-01 2.704029e+05
1.667873e+00 5.418208e+04
2.993196e+00 6.014365e+04
6.039049e-01 6.767576e+04
1.669618e-01 2.112297e+05
9.955925e-01 6.595769e+04
2.110688e-01 3.020129e+04
8.967037e-01 9.682562e+04
5.023244e-02 7.288448e+04
1.934684e-01 3.455410e+04
9.774285e-02 4.424412e+04
3.781419e-02 1.164209e+05
8.170764e-01 4.737023e+05
9.792204e-01 2.576024e+05
5.610221e-01 6.911289e+04
5.583232e-01 4.861306e+04
5.824739e-01 2.712811e+05
2.679534e-01 2.320900e+05
2.281875e-01 5.520115e+03
4.255075e-01 8.034798e+03
2.738413e-03 9.016324e+03
4.337477e-02 1.931837e+05
6.818773e-01 5.075235e+04
1.012743e-02 1.953570e+04
2.331542e-02 1.729525e+04
4.220724e-01 3.894915e+04
2.233641e-01 7.650303e+04
1.246359e+00 7.550744e+04
4.742291e-01 4.637661e+03
3.695011e-02 5.697690e+01
5.920433e-01 2.502917e+05
8.418938e-01 1.889266e+04
4.029948e-01 9.120931e+04
2.360361e-01 4.340497e+04
1.483464e+00 3.883378e+03
2.960538e-01 1.556091e+05
2.156653e-01 5.934338e+04
6.905021e-01 2.132530e+04
3.494137e-02 1.366630e+05
5.321158e-01 6.367351e+03
1.532990e-02 2.954537e+05
8.370874e-01 1.319559e+04
2.820977e-01 4.646136e+04
8.794796e-01 4.877221e+03
1.777284e+00 2.357191e+05
3.989695e-01 1.444421e+04
2.735335e-01 4.926899e+04
5.844787e-01 1.131397e+05
8.544901e-02 9.094101e+03
2.033934e-01 2.863757e+04
5.547111e-02 3.111842e+05
7.072471e-03 1.225195e+05
1.130027e+00 2.371189e+04
8.227839e-01 2.914661e+05
8.491861e-01 6.202924e+04
5.695124e-01 2.633132e+04
2.356037e-01 1.282553e+04
4.196365e-01 4.338408e+04
1.313099e-02 6.556447e+04
3.372985e-01 2.567481e+03
3.267300e-01 1.701930e+04
3.051037e-01 5.160230e+03
1.824973e-01 8.258305e+04
1.493288e-01 2.214382e+05
1.863595e-01 2.636726e+05
6.574953e-01 9.777529e+04
5.466774e-01 7.966232e+04
8.129359e-01 2.100144e+05
7.872027e-01 1.648583e+05
8.453771e-01 1.233297e+05
2.559059e-01 8.791995e+04
1.668018e+00 8.623925e+04
1.946457e-01 2.661555e+05
1.068993e-02 9.467256e+03
1.842402e-02 2.170406e+04
1.198413e+00 1.309354e+05
4.406951e-01 1.500206e+05
2.370890e-02 5.549754e+04
4.078045e-01 1.500020e+05
1.525243e-01 2.168281e+04
1.897899e-01 2.583051e+04
2.387842e+00 4.066197e+04
1.640039e-01 1.047422e+05
6.899169e-02 8.930076e+03
1.209204e-01 3.022537e+05
3.130210e-01 1.048060e+05
1.227569e+00 4.870200e+04
1.014232e+00 4.965814e+05
7.467493e-01 3.868293e+05
6.696839e-01 1.190254e+05
4.972875e-01 2.517514e+04
1.099787e+00 3.380739e+03
3.893394e-02 6.519848e+03
6.533819e-01 1.673566e+04
4.385772e-01 1.026715e+05
2.109249e-01 6.363344e+04
4.860346e-02 1.024047e+05
5.786147e-01 4.253110e+04
7.463526e-02 1.113736e+04
2.493829e-02 3.501918e+04
2.936270e+00 3.802503e+04
6.886937e-01 1.535032e+05
1.138751e+00 3.981810e+05
2.647260e-01 2.354687e+04
2.419543e+00 1.685652e+05
1.009644e-01 7.414428e+04
3.236652e-03 9.130646e+04
3.949066e-01 1.647220e+05
1.615037e+00 1.059851e+05
3.675286e-01 2.134561e+04
5.190777e-01 3.245625e+04
3.523065e-02 5.923562e+04
2.374003e-01 1.422600e+04
1.906692e+00 1.396451e+05
1.412616e+00 5.777599e+04
2.737171e-01 4.908661e+04
1.309572e-01 1.644962e+05
7.101411e-03 6.681165e+04
4.798593e-01 2.592900e+04
4.118171e-01 5.944196e+03
1.468437e+00 1.979488e+04
1.516677e-01 5.373807e+04
1.603930e-01 1.790408e+05
2.384819e-01 9.938067e+04
3.091157e-01 1.557830e+05
2.615853e-01 1.251175e+05
1.283319e-02 7.110192e+04
1.056195e+00 5.819883e+04
2.320058e+00 4.463227e+04
2.206190e-01 6.474733e+04
1.611641e-01 3.065454e+04
4.728926e-02 7.657312e+04
2.395099e-01 2.540890e+04
4.100547e-02 4.352947e+04
2.514355e-01 7.162420e+04
2.590905e-01 5.920226e+04
1.011504e+00 2.178389e+04
1.831845e-01 1.075259e+05
8.795970e-02 1.062188e+05
4.581478e-01 8.477656e+04
9.176185e-01 1.725839e+05
3.459367e-01 5.246141e+04
2.452543e-01 9.629366e+04
5.780600e-01 1.382635e+05
2.773914e-02 4.886569e+04
3.748011e-02 8.680651e+04
7.774441e-01 3.852492e+05
2.159807e+00 2.537418e+05
9.799490e-03 5.453937e+03
2.084503e-01 5.981857e+04
7.055418e-02 4.135804e+05
5.076150e-01 1.691128e+05
2.208998e-01 3.217912e+04
1.906946e-01 3.315905e+04
8.630638e-01 1.246462e+05
2.856096e-01 1.249886e+05
1.897533e-01 3.915984e+03
1.456092e-01 1.661875e+04
2.504485e-02 5.913626e+04
8.973929e-01 2.616604e+05
1.322749e+00 2.852433e+05
6.682293e-01 1.051498e+04
1.225987e+00 1.670537e+04
1.306082e+00 1.130468e+05
3.657898e-01 1.444846e+05
1.259883e-01 1.148304e+05
3.654674e-01 4.413211e+04
2.230570e-01 4.169095e+04
3.976063e-01 1.250337e+04
4.131368e-01 4.333376e+05
2.308237e-01 8.975238e+04
8.108866e-01 1.270973e+05
9.368594e-01 2.142398e+05
1.205769e+00 1.408141e+05
1.337479e-01 1.439364e+05
2.445050e-01 8.312248e+04
1.450539e-01 1.559038e+05
1.266422e+00 1.997364e+04
9.978414e-01 5.329276e+04
1.998645e-01 1.592963e+05
6.616013e-01 7.425743e+04
8.064796e-01 1.112203e+05
3.485947e-01 2.350900e+03
9.247994e-01 3.438772e+04
2.650183e-01 5.236880e+04
1.368476e+00 7.219678e+04
3.858754e-01 1.195728e+05
2.658501e-01 1.153658e+05
4.451886e-01 2.926883e+05
1.578517e-01 2.630095e+05
5.652616e-02 6.819560e+03
7.499248e-02 4.834472e+05
1.247092e+00 2.794236e+05
5.830237e-01 1.036941e+05
7.241621e-01 1.058802e+05
8.700273e-03 1.985105e+05
1.426473e+00 2.508296e+04
5.944008e-01 4.647267e+04
1.863350e-02 2.639560e+04
1.943338e-02 1.258273e+05
6.053140e-01 4.499004e+05
1.069751e-01 1.287197e+05
1.253582e-01 2.482754e+05
8.981004e-01 1.765727e+05
1.139296e+00 5.961344e+04
4.934560e-01 3.307253e+05
1.713489e-01 3.061375e+03
3.113856e-01 1.756304e+05
4.297843e-01 1.710991e+05
1.000892e+00 1.305131e+05
3.267273e-01 1.761434e+05
3.088830e-01 7.564158e+03
1.309936e-01 9.713966e+04
1.882338e+00 1.244470e+05
4.284603e-01 9.386584e+03
5.524877e-01 4.164486e+04
4.959209e-01 1.440139e+05
3.352181e-01 1.032281e+04
9.855425e-01 1.200077e+05
1.965428e-01 7.142233e+05
2.968487e-01 5.923664e+03
1.486611e-01 1.031797e+05
3.124263e-01 4.087339e+04
2.528429e-01 1.206760e+05
3.381757e-01 3.282974e+05
3.889240e-01 4.330848e+04
4.125160e-01 2.655786e+04
6.039157e-01 5.970120e+04
5.043946e-02 1.095338e+05
3.207593e-01 5.111219e+04
4.133739e-01 2.301601e+05
6.384964e-01 8.720327e+04
5.116895e-01 2.929852e+05
2.705623e-01 5.431628e+05
7.319940e-01 9.945404e+04
2.466886e-01 2.259002e+05
5.076803e-02 8.082144e+04
7.091862e-01 6.668650e+04
7.453689e-01 2.333459e+05
1.414724e-02 1.069432e+05
5.087258e-01 3.865190e+05
2.127406e-01 1.401827e+04
2.657163e-01 5.371886e+04
9.180691e-01 1.735161e+05
2.493426e-01 2.657495e+04
3.282170e-02 1.472979e+05
1.667798e-01 2.694986e+04
4.604843e-01 4.609595e+04
2.373141e-01 6.775217e+03
3.624792e-02 2.664986e+05
1.192207e+00 2.889734e+04
2.654579e-01 1.024678e+05
4.281835e-01 3.820412e+04
1.299801e+00 5.276044e+04
1.539683e-01 1.232887e+03
7.755371e-01 1.204401e+05
5.508862e-01 3.563618e+04
1.219606e+00 1.708831e+05
1.235379e-01 2.099760e+05
1.139901e-01 5.385933e+04
2.721473e-01 1.383751e+05
3.541614e-01 2.112892e+04
1.181175e+00 6.874700e+04
2.060327e-02 1.281218e+05
2.745490e-01 1.063990e+05
1.430301e-01 1.697862e+05
1.698392e+00 8.668093e+04
3.236062e-01 2.980246e+05
3.764713e-01 1.708846e+04
1.991034e-01 9.155608e+04
4.487583e-01 1.309992e+05
8.162976e-01 6.328652e+04
6.109272e-01 1.314857e+05
9.793557e-02 2.828382e+04
3.642993e-01 1.230793e+05
1.039335e-02 2.648113e+04
1.004785e+00 1.333840e+04
4.557249e-02 2.907189e+04
5.094534e-01 7.516463e+04
1.602122e-01 1.059057e+05
9.600473e-02 1.676327e+05
1.429839e-02 1.664473e+04
6.630132e-01 2.571861e+05
8.568977e-01 9.368831e+04
5.057266e-01 1.020108e+05
1.923837e-01 6.016069e+04
3.317042e-01 1.773476e+04
2.041541e-01 1.476420e+04
2.562602e-01 6.223245e+04
2.701459e-02 1.704741e+05
1.017174e+00 1.925525e+04
9.105787e-01 1.302544e+05
3.545063e-01 1.069624e+05
2.342610e-01 4.111263e+04
1.151423e+00 5.739897e+04
1.400410e-01 3.456563e+04
9.979023e-01 2.052551e+05
3.287747e-01 9.280402e+03
1.690958e+00 5.236749e+04
1.042824e+00 2.764580e+04
1.790206e-01 9.898869e+04
