7.726081e-01 5.814582e+04
1.706770e+00 1.728304e+05
8.245723e-01 2.960747e+05
3.702050e-01 9.912360e+04
2.250213e-01 3.161992e+04
5.736499e-01 4.706615e+04
2.962444e-01 7.038173e+05
4.719162e-01 1.754665e+05
5.038989e-02 8.683642e+04
5.261786e-01 3.439949e+04
7.150658e-01 9.206440e+04
1.271359e+00 2.282330e+05
1.829509e-01 1.605633e+05
2.004719e-01 7.319485e+04
1.168311e-01 1.753286e+05
1.672334e+00 3.836146e+04
1.603861e-01 6.987281e+04
1.605219e-01 2.492284e+05
9.241804e-02 1.539808e+04
1.177214e-01 2.120410e+03
5.786992e-02 1.088503e+05
3.866987e-01 3.393936e+03
3.813235e-01 6.517203e+04
6.846688e-01 1.275008e+03
3.219867e-01 5.824043e+04
2.773633e-02 4.654902e+05
3.773277e-01 4.290927e+04
1.113118e-01 1.290460e+05
3.401596e-01 1.482613e+04
1.070242e-01 1.045922e+05
3.131432e-01 3.763285e+04
4.118930e-01 1.003644e+05
8.530487e-01 9.201046e+04
3.777830e-01 5.203081e+04
3.552388e-01 2.558455e+04
2.303199e+00 9.579386e+04
5.923329e-01 9.128172e+04
1.326491e-01 3.382271e+04
2.309231e+00 7.539820e+05
4.965311e-01 5.106105e+04
1.308205e+00 2.249020e+05
9.092260e-02 6.305337e+04
3.143249e-01 1.268451e+05
3.975948e-01 6.211611e+04
4.825001e-01 5.132615e+03
1.716892e-01 8.720786e+04
2.733472e-01 2.107329e+05
5.524131e-01 4.795775e+04
3.189727e-02 1.956923e+04
4.047699e-01 1.552335e+05
4.269800e-01 1.952679e+04
1.297174e+00 2.584857e+04
7.335015e-01 1.048686e+05
6.827248e-01 1.291747e+05
1.902237e+00 8.901523e+04
4.351937e-01 1.979737e+04
6.168614e-01 9.155304e+04
6.914872e-02 2.479600e+04
5.382187e-01 4.889461e+04
1.109555e-01 5.409748e+04
3.235228e-01 2.384647e+05
1.578121e-01 2.112501e+05
8.030318e-01 5.862604e+04
1.165815e+00 2.120964e+05
8.109182e-01 1.856439e+05
1.631168e-01 2.048563e+05
1.208226e-01 9.590100e+04
1.149988e+00 1.144492e+05
6.516588e-01 1.923899e+05
1.203321e-02 6.836543e+04
2.303153e+00 4.031360e+04
1.530339e-01 9.295998e+04
2.603578e-01 3.185335e+04
2.094988e-01 3.520806e+04
1.877400e-01 4.469208e+04
1.024452e-01 5.196050e+04
3.993998e-01 8.408694e+04
9.500140e-01 3.257324e+05
1.837285e-01 1.754356e+05
9.829566e-02 1.380785e+05
1.086397e-02 2.979356e+04
5.333127e-01 1.248074e+05
9.334398e-01 9.631630e+04
6.639065e-01 1.783142e+04
2.957488e-03 9.939647e+03
3.081748e-01 1.487076e+05
1.098630e+00 1.279959e+05
2.570498e-01 3.987886e+03
3.187406e-01 1.699694e+05
7.371219e-01 7.379521e+04
3.409695e-02 3.434614e+03
1.573597e-01 2.673543e+05
8.249553e-01 1.652871e+04
7.330076e-02 1.902740e+05
6.470122e-01 2.005641e+05
6.818158e-01 9.968926e+04
5.211642e-01 1.329857e+05
2.030161e-01 3.696668e+04
1.211677e-01 8.304645e+03
3.707023e-01 2.236323e+05
1.466116e+00 1.936366e+05
2.781325e-01 1.144113e+05
2.535382e-01 7.784331e+04
2.407858e-01 1.636747e+04
3.028085e-01 7.950386e+03
2.421237e-01 1.722849e+05
8.853946e-01 1.432099e+05
4.337182e-02 1.490848e+05
5.025349e-01 1.038946e+05
1.479939e+00 1.389626e+05
9.066854e-01 2.603963e+04
6.761157e-02 8.578989e+04
4.935212e-01 3.795591e+03
1.565686e-01 3.532265e+04
8.605907e-01 5.788310e+04
4.897760e-01 1.630676e+05
4.492234e-02 1.411764e+05
2.753384e-01 1.866540e+05
6.322649e-01 8.664870e+03
2.585812e-01 1.677292e+05
3.238198e-01 4.357434e+04
2.360459e-01 2.258990e+05
5.565150e-01 3.219033e+03
7.553761e-01 7.056003e+04
4.219955e-01 8.335323e+03
2.845605e-01 1.120712e+04
4.361164e-01 1.796986e+05
1.192417e+00 2.237873e+05
2.262036e-02 1.202380e+05
7.497481e-01 2.434119e+05
5.904894e-01 3.155619e+04
1.689756e-01 1.866222e+05
9.339362e-01 8.669194e+04
1.361434e+00 1.236122e+05
7.081825e-02 1.460131e+04
2.583236e-02 1.141045e+05
4.865648e-01 1.602434e+04
7.064768e-01 1.194692e+05
4.644771e-01 1.671786e+04
7.370615e-01 1.103474e+04
2.081465e-01 5.512230e+04
5.910600e-02 9.555084e+04
2.576597e-02 4.311663e+04
8.119411e-01 1.398698e+04
1.291136e-01 1.264412e+05
2.087183e-01 3.188810e+04
2.394798e-02 4.006078e+04
6.762059e-01 3.098107e+04
3.239640e-01 4.410340e+04
1.174541e+00 1.282201e+05
8.241919e-01 1.616625e+04
3.944936e-01 1.388912e+05
5.476509e-03 7.572814e+03
5.804931e-01 3.967150e+04
2.081189e-01 6.246670e+04
4.463567e-01 7.220653e+04
3.009625e-01 4.255400e+04
3.875021e-01 7.409609e+04
4.657530e-01 1.892273e+01
5.293787e-01 1.286713e+05
3.693583e-01 4.177177e+04
8.235293e-01 4.648332e+05
7.627429e-01 1.011191e+05
9.019966e-01 1.650642e+05
7.461466e-02 5.630560e+04
3.551372e-01 2.011368e+04
1.282540e+00 1.310981e+05
3.709182e-01 5.795997e+04
4.115081e-01 1.577784e+05
3.208131e-01 5.745233e+04
2.426930e-01 1.256337e+05
2.221385e-01 1.141153e+05
2.872743e-01 8.030189e+04
2.188347e-02 3.378799e+04
1.923481e-01 3.002794e+04
9.773365e-01 2.671148e+04
1.025683e+00 4.141031e+04
4.420948e-01 1.333765e+05
9.533073e-02 2.869053e+04
7.190034e-01 2.486410e+05
1.218036e+00 2.994450e+04
5.503714e-01 4.895040e+04
2.167592e-01 3.337029e+05
1.294310e-01 1.985658e+04
5.437061e-02 3.612433e+04
3.190436e-02 3.906269e+04
3.633090e-02 8.278632e+04
1.190727e+00 4.611953e+04
3.168472e-01 9.120932e+03
3.846149e-01 2.552103e+05
2.382619e-01 1.215963e+05
8.165204e-01 2.774754e+04
1.595217e-01 3.167998e+05
1.670225e+00 1.184981e+04
8.052662e-01 1.847937e+05
6.472083e-02 3.396898e+05
1.409845e+00 3.134740e+03
2.478473e-01 7.852384e+04
3.946547e-01 4.388908e+04
1.147173e+00 2.342654e+04
1.373626e+00 2.211143e+04
5.610727e-01 6.983679e+03
4.003722e-02 1.876544e+05
1.225527e-01 4.919698e+05
3.214385e-01 2.480410e+05
1.498823e+00 2.991578e+04
3.018128e-01 8.950451e+03
1.213719e-01 7.397510e+03
4.167087e-01 1.180885e+05
1.378996e-01 6.353883e+04
1.247467e-01 2.117408e+05
1.796116e-01 4.855819e+04
1.655739e-01 9.865250e+04
7.249508e-01 1.076030e+04
3.268514e-01 3.484017e+04
3.551146e-01 2.534750e+04
8.846460e-02 1.700247e+04
1.772889e-01 1.416566e+05
9.874064e-01 4.405625e+04
2.698077e-01 8.764284e+04
3.822604e-01 1.361971e+05
1.255006e+00 2.390370e+05
2.274627e-01 5.180513e+04
1.973450e-01 3.626363e+04
4.910369e-02 7.895330e+04
3.400665e-01 8.098079e+04
7.721192e-01 2.761373e+05
1.846796e-01 8.860831e+04
1.953846e-02 1.139661e+05
1.105531e-01 6.036788e+04
9.525578e-01 8.829620e+04
7.016102e-01 1.499204e+05
1.139533e+00 3.363160e+04
1.145190e+00 1.583729e+05
4.195811e-01 2.087728e+05
5.521524e-01 6.729976e+04
2.702194e-01 5.524532e+04
2.597591e+00 6.693185e+04
6.024981e-01 1.030174e+05
1.853465e-01 1.228231e+05
4.417195e-01 5.156494e+04
3.487433e-01 5.608389e+04
4.127273e-01 7.248464e+04
8.409682e-01 2.735123e+05
5.951183e-01 5.037968e+04
3.075449e-01 1.671138e+04
3.157631e-01 9.835416e+04
5.565063e-01 4.674740e+04
6.417811e-02 7.544614e+04
3.208969e-01 3.002130e+05
4.865116e-01 1.575956e+05
3.996202e-01 2.121966e+05
2.792572e-01 4.826498e+04
2.113390e+00 8.535328e+04
4.528369e-01 1.696577e+05
2.017523e+00 1.447721e+05
2.712549e-01 6.666050e+03
6.311797e-01 5.579857e+04
2.845756e-01 1.579966e+05
8.169027e-02 2.327917e+05
5.781741e-01 1.872313e+04
8.379418e-02 4.908551e+04
4.205688e-02 5.245228e+05
1.077841e+00 6.659548e+04
4.827121e-01 3.619578e+04
3.919945e-01 2.244661e+03
9.857913e-01 1.737068e+05
9.191587e-01 5.358336e+04
2.228878e+00 1.277259e+05
3.109516e-01 6.595470e+03
2.072147e+00 2.525979e+05
3.094519e-01 1.060890e+05
3.924986e-01 4.662941e+04
3.623831e-01 5.372784e+04
5.325017e-01 1.181601e+05
2.879088e-01 2.091036e+04
9.403322e-01 1.827487e+03
1.033056e-01 8.755647e+04
4.380281e-01 8.514610e+03
1.833430e+00 1.145541e+05
1.178690e-01 1.360708e+05
1.957146e-01 1.533291e+04
1.932698e-01 4.355137e+04
6.351613e-01 1.121146e+05
3.071887e-01 1.519692e+05
7.792005e-01 6.423642e+04
3.713430e-01 3.973058e+04
3.484806e-01 4.038897e+04
3.023004e-01 2.298844e+03
1.175197e+00 3.669231e+04
2.266820e-01 8.531522e+04
9.934471e-01 1.792198e+05
6.698846e-01 4.869748e+04
1.983237e-02 1.272084e+04
2.015350e+00 4.863736e+04
1.051717e+00 1.048809e+05
3.133909e-01 2.058319e+04
4.065906e-01 1.328868e+05
2.772335e-02 1.817477e+05
4.740373e-01 9.934718e+04
5.108028e-01 1.213140e+05
7.102297e-01 2.246207e+05
3.762042e-01 1.847599e+05
2.319656e+00 8.994041e+02
3.482555e-01 2.814303e+04
6.106191e-02 1.055124e+05
8.126237e-02 9.890153e+04
1.506245e-01 4.645013e+04
2.587097e-01 3.765778e+04
4.460897e-02 9.640920e+04
1.016446e-01 4.632586e+05
4.828303e-01 1.602210e+04
1.061443e+00 7.635737e+04
5.854162e-01 5.816901e+04
1.243282e+00 1.087244e+04
4.099738e-01 1.404287e+04
3.688888e-01 2.297085e+05
7.000726e-01 8.591231e+03
3.809385e+00 2.656631e+05
5.462317e-03 4.511531e+04
6.994857e-01 1.954344e+05
3.657335e-01 4.866846e+04
2.753078e-01 4.579654e+04
5.126121e-03 7.996507e+04
2.028650e-01 1.463754e+04
8.853962e-01 1.101419e+05
3.162400e-01 8.271283e+04
6.433033e-01 9.428365e+04
1.258812e-01 3.068317e+05
2.132640e-03 6.712231e+04
9.283916e-03 2.768193e+05
1.280268e-01 1.861345e+04
2.497867e-01 4.421162e+04
1.546008e-01 6.710550e+04
6.709041e-01 4.549435e+05
2.206539e-01 6.633566e+05
2.717594e-01 1.234615e+04
4.624565e-01 1.657566e+04
7.755028e-01 1.118245e+03
1.377467e+00 8.972159e+04
1.056542e-02 9.469865e+04
2.609768e-01 2.712166e+04
1.233267e+00 2.951687e+03
1.099351e+00 9.839054e+03
1.241652e+00 2.644893e+05
2.071243e-01 6.057130e+04
1.286712e-01 1.887527e+05
2.283776e-01 1.467448e+05
6.560321e-01 1.053409e+05
9.504578e-01 3.631436e+04
9.597166e-01 1.666677e+05
1.265433e+00 9.844420e+04
5.971380e-01 1.195548e+05
6.924519e-01 1.662789e+03
1.590330e+00 2.548884e+05
2.264404e-02 1.456290e+04
6.935327e-01 8.575555e+04
8.557649e-03 5.226666e+04
1.651730e-02 1.524831e+05
9.249738e-02 1.907375e+04
5.345369e-01 3.801750e+05
3.410946e-01 8.241089e+03
6.541246e-01 2.907676e+03
3.778907e-01 2.236628e+04
5.785187e-02 6.712915e+04
2.392692e-02 1.114779e+04
8.468108e-02 1.071624e+05
6.279262e-01 1.690919e+04
7.190905e-01 2.671644e+05
3.199837e-01 1.011679e+04
5.344579e-01 5.821549e+04
1.864443e-01 2.837243e+05
2.792870e-01 1.400566e+05
1.199276e+00 2.025530e+05
1.766777e-01 2.648563e+05
6.099055e-03 1.400497e+05
4.889056e-01 2.487340e+04
1.851104e-01 1.168288e+04
1.273378e-01 3.417251e+04
6.727298e-01 2.272919e+05
1.847453e-01 4.173373e+04
8.495480e-04 1.885613e+05
1.026579e-01 1.825147e+05
1.404625e-01 3.503465e+03
5.345423e-01 7.127938e+04
9.478195e-01 2.558787e+05
3.202089e-01 9.888537e+04
2.441257e-01 3.454863e+04
5.159449e-02 9.954856e+04
6.182131e-01 3.298390e+03
2.677995e-01 3.297576e+04
1.031140e+00 2.084185e+04
5.693565e-01 3.189381e+05
4.133578e-01 2.212590e+05
1.325592e-01 1.294895e+05
1.722505e+00 1.717347e+05
1.523811e-01 1.122021e+05
1.636008e-01 7.231476e+04
5.515019e-02 1.454153e+04
6.804514e-01 1.369895e+05
1.647193e-02 8.905785e+04
6.020085e-02 5.013036e+04
2.955279e-01 1.618312e+05
1.189161e+00 3.206947e+05
2.996824e-01 4.886937e+04
8.589947e-01 6.481538e+04
3.063461e-01 3.126360e+03
4.865421e-01 1.841658e+05
6.231908e-02 7.324212e+03
3.715102e+00 2.142611e+04
4.056474e-01 1.451424e+05
1.444669e-01 3.437765e+04
1.428642e-01 8.789928e+03
1.372464e-01 4.188399e+04
1.915377e-01 5.492769e+04
2.681676e-01 1.546405e+04
2.599503e-01 7.477935e+04
2.697487e+00 1.648471e+05
1.214843e-01 9.723869e+04
1.097407e-01 1.113993e+05
6.810460e-01 4.700976e+04
9.948987e-01 4.355742e+04
2.357548e-01 6.117411e+04
1.351417e-01 1.655882e+04
7.453171e-01 1.869755e+03
1.065784e-01 2.547006e+05
1.337944e-01 1.835034e+04
5.442079e-02 9.156510e+04
2.072813e-01 1.661918e+04
6.075730e-01 1.639251e+03
8.758374e-01 7.380525e+04
5.747277e-02 5.325630e+04
1.345463e-02 5.411704e+04
5.896409e-01 3.284863e+04
5.109238e-01 8.442348e+04
6.721766e-01 9.299936e+04
3.788766e-01 4.065474e+04
1.498451e+00 1.963285e+05
3.774921e-01 3.356311e+04
6.750586e-01 1.737849e+05
3.379073e-01 1.182345e+05
1.257357e-01 5.900379e+04
6.064133e-01 3.405857e+04
1.674257e-01 1.583708e+05
3.108577e-01 1.092457e+04
9.210684e-01 1.045548e+05
1.705659e-01 1.522865e+04
1.028307e-01 1.241680e+04
2.061785e-01 2.413390e+05
8.196712e-01 3.659583e+03
3.203544e-01 3.586255e+04
1.348742e-01 6.044662e+03
3.647323e-01 7.392570e+04
1.871962e-01 6.128535e+04
6.717815e-01 5.859253e+04
1.313368e-01 1.852578e+03
7.709742e-01 2.752222e+04
8.962877e-01 1.647350e+05
6.592203e-01 1.510254e+05
4.647751e-02 1.288115e+05
1.524033e-01 1.104286e+04
7.153875e-01 1.855086e+05
7.658691e-01 9.989155e+04
1.389320e-01 9.654460e+03
5.252454e-01 6.417162e+04
4.956770e-02 1.641810e+03
6.167144e-01 2.019674e+05
3.786394e-03 2.143560e+04
2.152472e+00 7.804112e+04
4.674183e-01 1.779422e+05
6.230330e-01 6.939332e+04
7.862397e-01 6.175159e+04
8.112774e-01 9.984033e+04
7.953016e-01 5.301922e+04
3.317647e-01 1.562395e+05
5.070518e-02 1.617095e+04
6.225830e-01 1.391597e+05
4.224733e-01 1.969400e+05
7.481855e-01 1.669253e+05
1.028256e+00 3.923372e+04
4.389289e-01 2.768004e+05
1.092902e+00 2.095316e+05
1.201121e+00 6.454203e+04
3.176901e-01 1.507949e+04
1.092862e-01 1.158500e+05
3.720059e-01 8.950809e+04
2.940538e-01 3.877890e+03
6.506994e-01 1.494993e+05
1.022441e+00 9.948477e+04
7.756922e-01 4.283070e+03
2.506354e-02 3.570856e+05
3.923641e-01 9.845094e+04
6.544451e-01 1.774856e+05
1.001777e+00 2.927363e+04
1.204746e-01 7.349810e+04
6.247090e-02 4.656458e+05
4.704514e-01 2.055213e+05
1.360024e+00 7.216323e+04
1.039796e-01 9.264118e+04
3.188676e-01 1.544404e+05
1.124804e-01 1.961457e+04
4.514002e-01 1.392049e+04
1.773245e-01 1.508725e+05
3.814465e-01 6.620049e+02
2.448692e-01 3.521735e+03
