8.291089e-02 8.706688e+03
9.301892e-01 5.930667e+04
3.364533e-02 1.030083e+05
1.026040e-01 1.333582e+05
1.175146e-01 6.656755e+04
6.393841e-01 1.327554e+04
6.283158e-01 8.207797e+04
3.370260e-02 6.540726e+04
7.266467e-01 1.054250e+04
5.714421e-01 1.735689e+05
2.262693e-01 1.415555e+05
5.717097e-01 8.003730e+04
1.620815e+00 2.486571e+04
2.544357e-02 5.169883e+04
7.546522e-01 1.132584e+05
3.859921e-01 1.180809e+05
1.501002e-02 6.051239e+04
8.715114e-01 5.385566e+04
1.769714e+00 1.382824e+05
1.256150e-01 4.059343e+04
1.437911e+00 1.129764e+05
5.198624e-01 1.182401e+05
9.192596e-01 6.544192e+04
4.733900e-03 1.937776e+04
4.090296e-02 6.483948e+04
1.422055e-02 1.735221e+05
3.131206e-01 3.716638e+04
9.051097e-01 1.641896e+05
7.276983e-02 9.790612e+04
1.784680e-01 1.682130e+05
1.382310e-01 1.610684e+05
1.099068e-01 9.902364e+04
4.861533e-01 1.196929e+05
7.005631e-01 9.380933e+03
1.388913e+00 1.794621e+05
9.166579e-01 6.277502e+04
5.493209e-01 4.281917e+04
3.779238e-01 2.208318e+05
5.262549e-01 8.719535e+03
6.676655e-02 8.501589e+03
2.397314e-01 2.401889e+04
4.298321e-01 7.645555e+04
1.294476e+00 5.235289e+04
1.556656e-01 4.105806e+04
1.959206e-01 2.397309e+04
8.608015e-01 2.997009e+03
4.047745e-02 4.226993e+04
2.076059e-01 1.570172e+04
1.341623e-02 8.388049e+04
7.551821e-01 1.336099e+05
1.387311e-01 1.086967e+05
3.462685e-01 2.134059e+04
2.265892e+00 1.612625e+05
9.061928e-02 2.380453e+05
2.228529e-01 1.330134e+04
4.263737e-02 7.300847e+04
9.217817e-01 3.229788e+05
7.537561e-01 1.696244e+05
6.604889e-01 3.341424e+05
4.288114e-01 1.273305e+04
4.303166e-02 7.449763e+04
6.579706e-01 6.821628e+04
3.215887e+00 6.732892e+04
2.518527e-03 8.043440e+04
1.509791e-01 1.319110e+05
8.037081e-02 7.453893e+04
9.185862e-01 2.138501e+05
3.593701e-01 6.426310e+03
1.517095e-02 1.278168e+04
4.696938e-01 1.730246e+05
6.351599e-01 1.259398e+04
2.344966e-01 1.088690e+05
1.099217e+00 2.240951e+03
3.204070e-01 7.089841e+04
6.452496e-02 8.546378e+04
3.413260e-01 3.712513e+04
3.455589e-01 8.741075e+03
4.128938e-01 1.278468e+03
9.603918e-01 4.541175e+04
4.031887e-02 6.038199e+04
7.280453e-01 3.235870e+05
4.809520e-01 1.305125e+05
1.296361e+00 1.891719e+05
1.531380e+00 1.590633e+04
1.920149e-01 3.815000e+04
9.410299e-02 4.937383e+04
4.216083e-01 6.206513e+04
7.109048e-02 7.632054e+04
4.225738e-01 9.691503e+04
4.271635e-02 1.304954e+04
2.615495e-01 2.897719e+05
6.791710e-02 1.720448e+05
4.358303e-01 3.025783e+04
5.564579e-01 7.487835e+04
6.349157e-02 6.722092e+03
2.475031e-01 1.914532e+04
3.000394e-01 2.827001e+04
8.523153e-01 6.404535e+04
8.216103e-01 1.829167e+05
5.369123e-01 5.855583e+04
6.515837e-01 1.771578e+05
2.341522e+00 3.659499e+04
7.344659e-02 4.339361e+04
3.389105e-01 2.093740e+03
9.261390e-01 4.480391e+03
6.504077e-02 3.366484e+04
1.208864e-01 1.596161e+05
1.289454e+00 1.447078e+05
1.302239e+00 5.122266e+04
4.415673e-02 5.144206e+04
5.368159e-01 3.852181e+05
3.019172e-01 2.660656e+04
5.355388e-01 8.719702e+04
1.143488e+00 4.561309e+04
3.941614e-01 6.042527e+04
4.656355e-02 8.072057e+04
6.244232e-02 6.760961e+04
1.500072e-02 1.271745e+03
5.740315e-02 1.298070e+05
2.260249e-01 4.519072e+03
1.742155e+00 3.849449e+04
9.627940e-01 6.838349e+04
3.851377e-01 3.990491e+05
2.693995e-01 1.205606e+05
3.643249e-01 1.076882e+05
3.742049e-02 1.129193e+05
2.144922e-01 2.568719e+05
1.650272e-01 3.320994e+04
2.122818e-01 1.429989e+05
1.178692e+00 3.671344e+04
2.864245e-01 7.942749e+04
8.871892e-02 8.380507e+04
1.968967e-02 1.292600e+05
2.023955e-02 5.200550e+04
4.161124e-01 5.451159e+05
4.741799e-01 2.014363e+03
2.724397e-02 9.964535e+04
1.888609e-01 2.997522e+04
4.158691e-02 4.425032e+04
2.567329e-03 6.871777e+04
5.708527e-01 9.714447e+03
6.374603e-01 8.770938e+04
9.046949e-01 1.877011e+05
8.369129e-02 9.068770e+03
8.942050e-01 3.125760e+03
3.236056e-01 8.126452e+04
3.867325e-02 1.011435e+05
1.150069e-01 2.880491e+05
9.965966e-02 6.919417e+04
8.698020e-01 1.715851e+05
2.634994e-01 2.094415e+05
4.097557e-01 1.445058e+05
3.177068e-01 9.114741e+04
1.196562e-01 1.372508e+05
3.681838e-02 7.416940e+04
9.053926e-01 8.717163e+04
3.353217e-01 3.623884e+04
4.876067e-02 2.923410e+04
3.481304e-01 2.242239e+04
1.298836e-01 4.802713e+04
3.707624e-02 1.566663e+04
5.667553e-02 2.372112e+04
1.100370e+00 1.053298e+04
2.674461e-01 1.375529e+05
1.761288e-01 2.761237e+05
5.898749e-01 1.913041e+04
2.727293e-01 5.089509e+04
1.565765e+00 1.132162e+05
3.723721e-01 8.703400e+04
4.887745e-01 4.376575e+03
4.540440e-01 7.868670e+04
3.085291e-01 4.903080e+04
1.539546e-02 8.848369e+04
1.341761e-01 2.587718e+04
2.591566e-01 1.057943e+05
1.289817e+00 9.400532e+03
5.844271e-01 8.516925e+03
5.840981e-01 1.274143e+05
8.982192e-02 4.483716e+04
5.895269e-01 3.082827e+03
3.148319e-01 1.130245e+04
6.658518e-01 1.114817e+05
1.215035e+00 3.943250e+05
8.284952e-01 1.085460e+05
7.134009e-01 3.558840e+04
3.778343e-01 1.584338e+04
1.509358e-01 2.219430e+04
2.119452e+00 3.796519e+03
3.281996e-01 4.171479e+04
1.535328e-01 8.054575e+04
1.369122e-01 4.256989e+04
3.804317e-03 1.076648e+05
1.182738e-01 3.428706e+04
2.627547e-01 9.120416e+04
1.943555e+00 1.253945e+05
4.238930e-01 6.015055e+04
4.733165e-01 9.197785e+04
1.048217e+00 3.235002e+03
1.720798e-02 1.046661e+05
1.635747e+00 4.670826e+04
5.939757e-01 8.194590e+04
6.440527e-01 1.488126e+05
1.584402e-01 4.350994e+05
5.204153e-01 2.467455e+05
1.770657e-02 9.513031e+03
5.648918e-01 9.690046e+04
4.251467e-01 2.083999e+04
8.368688e-01 5.737620e+04
1.048330e+00 4.094332e+04
1.111575e-01 6.792461e+04
2.583923e-01 1.195113e+04
2.531987e+00 2.365532e+05
2.454677e-01 8.282270e+04
4.979004e-01 1.145662e+05
6.538565e-01 3.263736e+04
5.663798e-01 1.535289e+04
6.353071e-01 1.775207e+05
2.994249e-01 1.930083e+05
1.183815e+00 9.568195e+04
4.770306e-01 6.684510e+04
3.471296e-01 1.060579e+05
2.864224e-01 1.522283e+05
1.353485e+00 1.775400e+03
6.532033e-01 9.183517e+04
7.710978e-02 5.505310e+04
7.056859e-01 8.416279e+04
3.981014e-01 7.399666e+04
5.370476e-01 2.535723e+05
5.303184e-01 6.319290e+04
6.568326e-02 2.927037e+05
1.068177e+00 1.316348e+05
5.209205e-01 1.818018e+05
3.480299e-01 1.764887e+05
4.779466e-01 4.006664e+04
8.490708e-02 5.030013e+04
3.237498e-01 2.104013e+05
7.658579e-02 1.006642e+05
1.086068e-01 6.100174e+04
3.793518e-01 2.449979e+05
1.020301e+00 2.581365e+05
1.025562e+00 2.097622e+05
7.711160e-01 2.753457e+04
2.980033e-01 2.523888e+05
5.107482e-01 4.829713e+04
2.578593e-02 6.014574e+04
1.234900e-02 1.550887e+05
3.810472e-02 6.963685e+04
9.077132e-02 4.130606e+05
4.579246e-02 1.008227e+05
1.781486e-01 5.072073e+04
7.119888e-02 3.223942e+04
1.049027e+00 1.311524e+05
1.021493e-01 2.669943e+05
3.257245e-02 1.893423e+04
4.997092e-01 4.031330e+05
5.512966e-01 1.113921e+05
6.479671e-01 1.445073e+05
3.362608e-01 2.650655e+04
1.998239e-01 3.929326e+04
2.753248e-01 2.262428e+05
1.655782e-01 3.024613e+02
2.815375e-01 1.599019e+05
4.273058e-01 5.882406e+04
9.682896e-01 6.729783e+04
4.311489e-01 7.468865e+04
7.891163e-01 8.481105e+03
1.428970e-01 4.855720e+03
8.584123e-01 6.864358e+04
4.687016e-02 2.736901e+04
2.406616e-01 5.212346e+04
3.100594e-01 2.763158e+04
3.438538e-02 1.745124e+04
5.742533e-02 4.770282e+04
2.373997e-01 1.640633e+05
1.691851e-01 1.024504e+04
1.794289e-01 1.426902e+04
8.237776e-01 8.576414e+04
6.134452e-01 1.235861e+05
1.728687e-01 1.451574e+05
7.295685e-01 1.901502e+05
4.078932e-03 1.862039e+05
1.005397e+00 4.446744e+04
2.054255e-01 1.610119e+05
4.012919e-01 1.630051e+05
1.682231e-01 3.543314e+05
1.757745e+00 2.381495e+04
5.550643e-02 1.430406e+05
4.877200e-01 4.968985e+03
1.158692e-02 3.517480e+04
5.055218e-01 5.645029e+04
3.353592e-01 4.602880e+03
2.147226e-01 8.753706e+04
5.387120e-01 1.560106e+04
2.770488e-01 1.938467e+05
3.498768e-01 3.788779e+03
8.794017e-01 2.985190e+05
8.393066e-02 2.008454e+05
1.326828e+00 1.344268e+05
5.278263e-01 1.746530e+05
2.853934e-02 4.180435e+04
1.245844e+00 1.087623e+05
1.273186e+00 1.448389e+05
9.945404e-01 1.315983e+04
1.490256e+00 2.769820e+04
2.390503e+00 1.205384e+04
5.229213e-01 1.369071e+05
1.298518e-01 1.917197e+05
1.977711e-01 9.543139e+04
4.058619e-02 9.630006e+04
7.559829e-01 3.296705e+04
2.442522e+00 1.061934e+05
6.308976e-01 5.153478e+04
1.566077e+00 7.027435e+04
3.937604e-01 3.174749e+05
2.247259e-01 5.744441e+04
1.088839e-01 1.017613e+05
1.224688e-01 1.243693e+05
7.634396e-01 2.689673e+05
9.671591e-01 8.345958e+03
1.200193e+00 1.172251e+05
4.517540e-01 2.495726e+04
1.509249e+00 6.918858e+04
5.101625e-01 2.620169e+05
6.702445e-01 1.729230e+05
4.545468e-01 3.117561e+05
1.461483e+00 5.333106e+04
4.362430e-01 1.071498e+05
2.130070e-01 5.503743e+04
3.791527e-01 3.432698e+04
7.558212e-01 1.259676e+05
2.255450e-01 2.572270e+05
5.770174e-02 2.661939e+04
1.154020e-02 2.620261e+04
8.203900e-01 4.919213e+04
2.552489e-01 1.371159e+05
6.776545e-01 1.477471e+04
6.288500e-01 8.809803e+03
3.685172e-01 9.015369e+03
1.977750e-01 3.234889e+04
3.090186e-01 3.594945e+04
2.021961e+00 2.070369e+05
3.908599e-01 1.280477e+05
1.506564e-02 7.208044e+03
4.320029e-02 1.765032e+04
1.274698e+00 5.028831e+04
4.577981e-02 1.644739e+05
1.806768e-02 8.692963e+03
2.393660e-01 1.149362e+05
3.420114e-02 1.417442e+05
2.480354e-02 1.833907e+03
1.323218e+00 2.620491e+05
8.072121e-01 2.178964e+05
9.794306e-02 6.541430e+04
1.028445e-01 3.591838e+04
4.852701e-01 1.083419e+05
8.971626e-02 7.956775e+04
1.190025e+00 1.908474e+04
3.497906e-01 5.948592e+04
1.207248e+00 1.727034e+04
7.136024e-01 3.918941e+04
4.989372e-02 2.493582e+04
3.988878e-01 1.081682e+05
3.737427e-01 2.514812e+05
7.393538e-01 2.339459e+04
7.184036e-01 9.070349e+04
1.167269e+00 1.096951e+05
4.610318e-01 6.629201e+04
6.032725e-01 4.703065e+05
2.898352e-01 1.720435e+05
6.581045e-01 9.082034e+04
5.374701e-02 1.712581e+05
5.009657e-01 5.075988e+03
2.901656e-01 1.599188e+03
5.450858e-01 1.168351e+05
5.476484e-01 2.432694e+05
9.763191e-03 9.974946e+04
7.677291e-01 1.842888e+04
3.987016e-01 9.124296e+04
2.180921e-01 8.992185e+04
1.647463e-01 7.938175e+04
8.807858e-01 3.593057e+04
1.333427e-01 3.876469e+04
9.968864e-03 2.107658e+05
4.594577e-01 1.129166e+05
1.100191e-02 1.661377e+05
7.098154e-01 3.573591e+02
1.286918e-01 1.824261e+05
1.180199e+00 1.852988e+05
2.529922e-01 8.126367e+04
2.561641e-01 1.056791e+05
1.008317e+00 1.017099e+05
2.248060e-01 1.701483e+05
8.652254e-02 1.980826e+05
1.027525e-01 6.345800e+04
1.968974e-01 4.818665e+05
1.849560e-01 8.052654e+04
6.720894e-01 2.405645e+05
1.146594e-01 2.579003e+04
4.796969e-01 8.358725e+04
1.044992e-01 2.972125e+05
2.678005e-03 5.876345e+04
8.295325e-02 1.016110e+05
6.789071e-02 3.674241e+04
5.583144e-02 1.383157e+05
5.754205e-01 7.882506e+04
1.859268e-01 1.004842e+05
1.895333e-01 9.402867e+04
8.848555e-01 2.039570e+05
1.418128e-02 5.717107e+04
6.417918e-01 2.031526e+05
2.818543e-01 1.359880e+05
9.549738e-02 3.766374e+05
6.206482e-01 6.988799e+04
1.999243e-01 2.301587e+05
1.958869e-01 2.386187e+04
2.361673e-02 1.731752e+05
3.846740e-01 5.940413e+03
1.127446e-01 7.320887e+04
3.173666e-01 2.260550e+05
5.058549e-01 2.931299e+04
2.467245e-01 5.934555e+04
1.164368e+00 1.997280e+05
4.297877e-03 1.023911e+05
6.681855e-02 5.184702e+04
9.392801e-01 2.679559e+04
1.190793e+00 1.023472e+05
8.914485e-02 2.700352e+04
2.397442e-02 1.659236e+04
2.172152e-01 2.834712e+04
6.283128e-01 7.857166e+04
3.061683e-01 2.170482e+05
1.127693e-01 2.143891e+04
8.256850e-01 4.706669e+04
1.007375e+00 1.884798e+05
3.775995e-01 1.435309e+05
1.006638e+00 1.645919e+05
5.528873e-01 1.226539e+04
4.608608e-02 4.960261e+04
1.511464e-02 1.965360e+05
5.223755e-01 1.871949e+05
4.618523e-01 1.261993e+05
9.902584e-02 6.482348e+04
2.010461e-01 8.149143e+04
8.048686e-01 7.057000e+04
3.440577e-01 1.148051e+05
1.170518e-01 7.710715e+04
1.874952e+00 2.461557e+04
3.232879e-01 1.442257e+04
3.308044e-01 3.208970e+05
1.656800e-01 2.557695e+04
5.283551e-01 6.660609e+03
7.948363e-02 4.992577e+04
7.062510e-01 3.890957e+04
1.426912e-01 2.599704e+04
1.188040e+00 5.021782e+04
1.062396e+00 5.086480e+04
8.627677e-02 1.016379e+05
1.930827e-01 2.729126e+04
2.065467e-01 2.547988e+05
6.210973e-02 2.123398e+05
4.268631e-01 2.910609e+04
7.175872e-02 1.423638e+05
3.477993e-01 2.726366e+05
5.210088e-01 3.817030e+04
2.421585e-01 3.415107e+04
8.278188e-02 2.642343e+04
9.677714e-01 3.879735e+04
1.145546e+00 1.445289e+05
2.130046e-01 2.511447e+04
3.406421e-02 1.934833e+04
6.565474e-01 6.138125e+04
2.805973e-01 1.612147e+04
3.466763e-01 9.602043e+04
5.763800e-01 2.508965e+05
2.190050e-01 1.782163e+05
1.383486e-01 1.748528e+05
8.434529e-02 1.554680e+04
5.044881e-01 2.280907e+05
1.347001e+00 2.995710e+04
1.280712e+00 3.930185e+04
1.490474e-01 1.280853e+05
4.058725e-01 5.970884e+04
1.179359e+00 3.523569e+05
1.898021e-01 1.191872e+05
1.914219e-02 5.015036e+04
1.986736e-01 1.296092e+05
3.947686e-01 1.011315e+05
8.791610e-01 4.207193e+04
1.398906e-02 2.849910e+04
3.520073e-01 5.068523e+04
2.851859e-01 8.793499e+04
5.092034e-01 2.674978e+04
5.598745e-02 3.622265e+05
2.871221e-01 2.033538e+04
6.551549e-01 6.000282e+04
5.100354e-02 1.710242e+05
5.062589e-01 5.417150e+04
1.592760e+00 2.346810e+05
7.245606e-01 1.099976e+05
3.802605e-01 8.893033e+03
2.377170e+00 5.295496e+04
1.072525e-01 1.960317e+04
7.202897e-02 3.612094e+04
4.437805e-01 2.425721e+05
4.541673e-02 1.573222e+05
4.250818e-01 3.911234e+04
5.881349e-01 1.706494e+05
2.136474e-01 5.610353e+04
1.743566e+00 1.177469e+05
4.382946e-01 1.205304e+04
9.284253e-01 3.041985e+04
6.118740e-01 3.676522e+04
1.286037e+00 1.133240e+05
1.580923e-01 5.757364e+04
1.957398e-01 6.897762e+04
6.778752e-01 4.250558e+04
1.400947e+00 8.411369e+04
1.485891e+00 1.055377e+05
2.139817e-03 1.799498e+05
2.589609e+00 7.145128e+04
1.085507e-01 1.819076e+05
5.855667e-01 1.035159e+05
1.344190e-01 2.502162e+04
6.026163e-01 1.184874e+05
8.446717e-02 5.940004e+04
1.577726e+00 6.693413e+04
1.073373e+00 1.104579e+03
1.514155e+00 2.699514e+04
4.985897e-01 6.691325e+04
1.989290e+00 2.372606e+04
3.173309e-01 1.238703e+05
3.913636e-01 2.744024e+05
4.123773e-01 1.064705e+05
1.307637e-01 9.787945e+04
8.119041e-01 5.369280e+04
1.127054e-01 8.831459e+04
