1.070253e+00 1.025908e+05
3.614155e-01 1.402721e+04
9.869478e-01 2.691195e+04
8.143559e-01 2.554059e+05
1.293316e+00 5.666033e+04
1.032998e+00 8.049115e+03
9.458661e-01 1.068416e+05
3.497906e-02 1.163629e+05
7.458354e-01 1.345222e+05
7.216305e-01 2.112862e+05
1.215016e+00 6.925685e+01
4.945037e-01 6.061371e+04
1.789446e-01 1.945026e+05
2.676744e-02 5.651705e+04
2.941241e-01 2.330349e+05
3.614835e-01 2.866806e+04
1.944854e-02 1.409343e+05
3.576479e-01 1.825629e+02
1.075998e+00 6.676898e+03
1.443651e-01 1.198449e+05
6.861252e-01 2.534426e+04
1.332725e+00 1.221391e+05
3.389487e-01 9.750023e+04
1.093578e-01 2.590533e+05
5.683530e-01 6.057494e+04
1.607138e+00 5.034384e+04
3.544296e-02 6.487681e+04
9.584348e-01 5.988131e+04
5.708578e-02 1.019223e+05
7.047240e-01 1.956458e+04
1.700116e-01 1.013405e+05
3.319906e-01 9.503283e+04
1.364742e+00 3.016692e+05
2.361206e-01 5.642029e+04
4.910731e-01 1.569588e+05
2.362068e-02 1.363844e+05
9.144531e-01 1.547956e+04
3.207838e-01 5.496414e+04
3.562802e-01 9.089749e+04
2.668753e-01 4.737633e+04
4.306555e-01 6.342840e+04
1.608812e+00 5.587379e+04
7.231029e-02 3.129098e+04
2.207096e-01 7.854308e+04
2.924556e-01 4.338797e+05
1.355874e-01 1.931271e+05
5.544843e-01 2.105557e+05
1.293340e-02 1.378524e+05
5.676106e-01 2.401972e+05
4.226966e-03 3.561452e+04
1.491302e-02 1.082496e+05
2.069869e-01 4.254665e+03
1.404000e-02 3.263055e+04
8.272647e-02 2.240636e+04
2.605709e-01 3.655348e+04
4.900630e-02 1.338038e+05
8.673519e-02 1.457041e+04
2.531205e-02 3.058587e+05
8.127098e-02 2.208454e+05
2.136600e-01 1.961439e+04
6.647095e-02 1.340652e+04
1.534496e+00 1.467700e+05
2.919757e-01 4.289620e+04
5.270353e-01 1.229721e+05
9.029232e-02 6.894613e+04
4.436361e-01 6.116490e+04
8.043783e-01 9.959873e+02
7.112923e-01 1.034796e+04
1.663631e+00 1.434827e+05
1.878395e-01 1.129641e+04
3.107623e-01 3.771612e+03
4.740730e-01 3.327959e+04
2.852559e-01 2.819658e+03
1.085668e+00 1.252901e+05
1.038654e+00 1.928509e+05
3.423268e-01 1.472688e+05
2.241485e-01 7.986699e+03
4.399109e-01 1.022853e+05
3.246254e-01 1.246017e+04
3.260293e-01 5.790749e+03
4.385608e-02 5.586178e+04
4.194083e-01 5.761761e+04
3.966760e-01 1.734946e+05
8.152608e-03 5.021562e+02
1.633568e+00 3.977191e+05
2.029033e-01 3.653544e+03
7.351622e-02 9.894646e+04
6.499371e-01 6.687292e+04
3.456763e-01 2.323710e+05
1.473470e-01 3.821192e+04
1.243176e-02 1.306672e+05
2.350861e-01 8.367473e+04
7.255972e-02 1.437858e+05
2.655707e-02 2.413649e+05
1.873133e-01 2.257943e+04
6.322480e-01 1.757611e+05
5.703561e-01 2.954317e+04
2.911766e-01 7.400093e+04
1.171929e+00 1.270683e+05
2.635979e-01 2.734373e+04
7.174779e-02 1.793645e+04
8.803154e-02 9.603480e+03
1.896015e-01 9.879408e+04
1.136333e-01 3.183568e+05
6.974159e-01 1.364494e+05
6.420422e-01 5.702795e+04
7.817811e-02 4.848120e+04
9.082304e-01 1.998481e+04
1.766887e-01 2.735136e+05
1.618752e+00 1.710218e+05
6.291662e-01 2.033920e+04
7.552146e-02 5.477640e+04
1.165581e+00 6.914397e+04
1.562282e-01 2.021234e+04
2.463161e-01 5.838114e+04
9.546480e-01 1.436972e+05
2.032574e-01 8.273022e+04
6.600781e-01 1.091735e+05
5.530050e-01 1.440503e+05
1.735700e-01 1.011297e+04
4.703830e-01 3.680745e+04
1.148197e+00 6.503543e+04
7.844506e-03 1.957520e+04
4.990122e-02 6.890509e+03
1.958595e-01 6.957386e+03
1.495280e-01 1.781833e+03
3.283984e-01 3.106425e+04
2.954175e-01 9.309524e+04
5.827215e-01 1.155852e+04
9.595369e-02 5.867676e+04
5.525728e-01 2.857520e+05
2.180378e-01 3.169960e+04
2.166554e-01 9.831109e+04
3.535676e-01 6.282510e+04
1.201172e-01 2.845798e+05
1.319234e-01 2.082789e+04
4.107508e-01 1.928137e+04
5.470882e-01 3.047966e+05
3.450049e-01 3.401778e+04
1.745594e+00 3.846723e+04
2.469743e-01 1.778275e+05
5.714169e-01 1.327300e+05
4.080427e-01 1.296930e+05
1.287642e-01 3.184346e+04
5.385457e-01 1.091071e+04
1.044323e-02 3.590067e+05
6.372410e-01 3.174249e+04
1.531852e-01 5.184661e+04
3.545228e-02 7.885462e+04
5.908070e-01 7.383296e+03
3.915738e-01 8.126878e+03
5.610985e-02 8.910814e+04
4.639890e-02 3.390982e+04
3.104199e-01 9.075460e+04
5.769341e-01 3.126734e+04
9.360963e-01 5.982169e+04
7.679079e-02 2.105074e+04
6.704716e-01 8.313267e+04
4.863529e-01 2.536236e+04
1.254482e+00 1.119198e+04
1.114819e-02 5.655718e+04
5.292928e-01 1.141105e+05
2.450834e-01 4.019709e+04
4.556711e-01 4.810654e+04
3.796035e-02 1.625585e+05
5.442313e-01 2.065233e+05
9.040392e-03 2.973182e+04
3.911288e-01 5.809507e+04
1.349872e+00 2.218119e+05
2.268960e-01 5.533412e+04
4.115169e-01 9.913585e+04
6.175970e-01 1.410523e+05
1.387774e-02 7.664012e+04
1.873159e-01 3.392467e+05
2.093423e-02 8.061110e+04
4.403372e-01 2.013395e+04
5.211234e-02 1.022557e+05
1.926501e-01 9.457938e+04
5.592242e-01 6.305165e+03
9.307119e-02 7.983876e+04
4.704683e-01 6.883151e+04
1.946899e-01 9.683778e+04
1.225893e+00 1.325663e+04
8.939947e-01 6.280179e+04
5.059844e-02 2.913238e+05
3.051630e-02 1.027707e+05
1.317253e+00 1.688990e+03
3.047432e-01 1.528606e+05
2.206522e-02 3.447059e+05
4.872611e-01 4.063195e+04
5.694339e-02 3.707216e+04
6.083525e-02 1.401346e+05
1.374749e-01 8.496110e+03
1.767705e-01 4.297595e+04
5.618488e-01 2.147034e+05
8.602798e-02 7.726776e+04
3.241213e-01 3.858643e+03
6.352737e-01 6.954467e+03
1.418035e-01 9.836032e+04
3.013457e-01 7.113389e+04
4.949631e-01 1.605178e+05
3.353253e-01 8.517090e+03
3.095865e-02 2.046906e+05
7.697099e-01 5.757486e+04
7.446774e-02 2.316120e+05
7.636612e-02 1.539045e+05
8.049690e-01 5.955279e+04
8.686617e-02 1.627310e+05
1.171222e+00 2.844995e+04
6.458961e-01 8.936356e+04
2.496378e-01 5.413313e+03
3.783424e-01 7.746924e+04
4.447500e-01 1.398953e+04
1.565446e-01 1.309414e+05
8.761520e-01 1.211337e+05
1.250458e-01 1.455416e+04
7.449936e-02 3.737508e+04
5.831207e-01 6.774686e+04
1.665818e-02 4.718907e+04
7.096670e-02 6.039356e+04
1.466507e-01 2.144801e+04
1.194992e-01 1.988523e+04
2.321186e-02 8.512468e+04
7.793639e-01 3.416423e+05
8.554511e-02 3.280479e+05
4.898471e-02 1.508331e+05
3.126080e-01 1.523407e+05
6.760769e-02 6.533737e+04
4.882920e-01 6.344908e+04
1.049069e+00 1.035468e+05
3.054362e-01 2.542785e+05
9.582035e-01 2.342390e+04
2.673301e-01 4.046721e+03
7.269062e-01 5.550190e+03
3.542904e-01 8.975653e+04
6.047841e-02 8.464076e+04
1.102802e+00 6.074278e+04
8.929813e-01 2.324082e+04
2.249166e-01 3.659476e+04
8.558872e-02 1.882477e+04
1.667813e+00 9.265460e+04
1.096216e+00 7.372435e+04
5.808938e-02 2.088626e+05
2.927968e-01 1.137683e+05
9.530507e-01 5.842430e+03
1.537322e-01 1.483612e+05
3.310445e-02 8.367467e+04
6.700250e-01 2.243898e+05
1.021834e+00 3.790985e+05
2.570851e-01 1.120053e+05
1.943612e-01 2.510002e+05
3.777934e-01 1.436553e+05
5.817880e-01 7.840706e+04
3.944182e-01 8.849937e+04
2.467309e-01 5.338857e+04
1.169770e-01 7.531654e+04
2.075797e-02 7.646203e+04
1.702829e-01 9.983581e+04
6.651499e-01 2.124556e+05
2.091485e-01 2.297844e+04
8.737224e-01 1.232406e+05
3.038033e-02 1.507742e+04
3.392011e-01 2.924002e+04
7.578992e-01 7.631117e+04
1.558632e+00 1.792910e+04
2.733406e-01 8.968660e+04
2.730393e-01 3.040586e+05
4.581911e-01 2.666483e+04
8.510664e-01 4.523884e+04
8.074630e-01 4.042904e+04
1.327993e+00 1.573189e+05
3.757576e-01 8.125555e+04
4.326470e-01 1.598170e+04
4.494323e-01 1.548924e+04
7.079165e-03 2.548808e+05
5.098876e-01 2.549791e+04
5.968904e-02 9.351762e+04
2.350632e-01 1.333955e+05
8.513556e-02 6.506087e+05
6.104957e-01 4.387098e+04
6.119833e-01 2.374472e+03
2.252489e-01 1.123704e+05
1.321597e+00 1.014314e+05
1.396253e+00 1.569067e+05
1.217011e+00 1.826089e+05
1.247293e-01 1.767769e+04
3.571717e-01 2.877204e+04
3.069632e-01 8.715275e+04
1.110855e-01 1.564496e+04
4.650168e-01 1.591607e+05
6.990194e-01 4.652692e+03
7.087429e-01 3.247217e+04
5.899780e-02 6.960487e+03
8.699860e-02 1.108179e+05
4.217451e-01 1.070359e+05
4.657204e-01 7.349471e+04
2.062291e-01 3.602523e+04
1.872886e-01 3.131124e+04
5.149595e-01 2.791481e+05
1.176118e-01 3.043457e+04
1.858061e-01 6.253886e+04
3.444159e-01 1.252373e+04
7.491634e-01 5.373687e+04
4.787054e-01 1.195198e+05
7.523648e-01 8.821496e+03
9.374638e-02 3.612134e+05
1.960685e-01 6.467432e+04
5.544886e-01 2.894867e+05
1.130076e+00 1.323129e+04
8.183847e-01 1.806549e+05
3.312842e-01 4.008464e+04
3.099167e-01 7.172808e+04
2.156617e-01 7.950960e+03
9.657876e-01 4.428816e+03
2.800456e-01 4.912832e+05
1.400083e-01 2.457408e+05
1.078861e+00 9.614925e+04
5.152809e-01 5.121856e+04
2.347236e-01 1.247844e+04
7.988045e-01 7.527130e+04
1.033951e-01 1.284846e+04
5.701669e-01 1.517495e+05
1.599276e+00 8.299179e+04
2.742970e-01 1.277226e+05
1.373372e+00 2.199914e+04
1.628287e-01 8.578680e+04
5.389828e-02 2.558076e+05
7.458869e-02 5.094593e+04
5.523354e-01 1.579345e+05
7.208431e-02 2.025823e+05
5.954231e-01 2.307297e+05
1.156059e+00 5.573231e+04
1.037038e+00 6.103433e+04
6.731617e-02 9.649480e+04
2.793000e-01 3.930371e+04
1.258256e+00 5.539009e+04
1.676986e+00 2.578268e+04
3.019645e-01 5.144731e+04
3.993607e-01 1.544331e+05
6.371280e-01 5.142227e+04
8.298330e-02 1.027326e+05
3.274468e-01 2.867735e+04
3.090085e-01 1.368574e+05
6.756918e-01 3.579227e+04
5.133679e-01 3.081800e+05
2.351189e-01 2.699388e+05
1.042740e-01 1.532863e+04
4.887584e-01 2.079761e+04
4.600763e-01 1.253704e+04
6.182460e-01 1.452907e+05
6.732588e-01 1.735337e+04
1.086052e-02 2.348554e+05
5.690979e-02 1.637235e+04
3.652241e-01 4.471569e+04
1.186224e-01 1.612467e+05
1.050333e+00 1.727660e+04
4.693338e-01 4.930508e+03
1.673712e-02 3.427743e+05
2.814161e-01 2.183671e+04
1.621702e+00 1.406032e+05
2.092769e-01 3.046183e+05
1.620414e+00 2.465854e+04
1.044849e+00 1.556972e+05
9.646629e-02 4.854722e+04
1.473132e+00 3.195673e+03
7.039057e-02 1.303346e+05
3.393741e-01 8.258907e+04
5.936153e-01 2.272050e+04
4.135133e-01 7.062868e+04
8.431546e-01 1.481693e+04
2.260282e+00 2.583458e+04
1.011293e-01 6.626958e+04
1.338466e+00 5.277974e+04
1.320298e-01 2.201191e+02
5.431666e-01 3.972847e+05
7.209188e-01 4.640504e+04
9.794179e-02 6.133923e+04
1.746362e-01 7.989376e+03
1.373582e+00 1.047816e+04
7.783090e-01 3.453380e+04
2.612537e-01 2.211200e+04
3.351397e-01 1.487877e+05
1.888722e+00 1.446174e+05
1.067069e+00 2.071244e+05
3.628991e-01 4.051575e+04
1.237013e+00 1.251441e+04
5.277131e-01 3.289989e+04
9.110618e-03 2.842909e+05
3.599435e+00 3.056483e+05
7.058306e-01 2.347811e+04
3.312699e-01 2.663131e+04
1.170724e+00 1.979795e+05
6.426596e-01 5.295037e+04
5.030382e-01 1.674413e+05
4.758878e-01 1.374158e+05
5.472625e-01 1.917772e+05
4.430905e-01 1.138821e+05
1.298065e+00 4.087417e+04
4.657564e-01 1.307053e+05
8.904121e-02 3.362101e+05
4.014271e-01 1.119082e+05
7.255768e-01 1.989309e+05
7.956761e-01 5.640466e+04
2.627248e-01 7.801761e+04
3.627388e-01 6.827141e+04
1.188874e+00 6.037944e+04
1.439717e+00 2.596876e+04
8.822134e-01 1.580459e+04
1.238529e+00 3.759211e+04
7.688759e-01 4.964289e+04
7.025313e-01 6.611954e+03
9.717910e-01 2.317494e+05
4.837565e-01 2.297876e+05
8.238269e-01 7.705447e+04
1.406225e-01 2.717600e+04
1.264201e-01 1.061162e+04
9.313874e-01 1.183972e+05
1.061453e+00 7.182455e+04
2.826131e-02 5.896919e+04
1.002874e-01 1.979003e+05
5.260742e-01 3.113962e+05
2.160229e-03 2.886084e+03
1.043936e-01 8.458650e+03
5.565216e-01 1.203220e+05
3.295315e-01 2.554026e+05
7.126383e-01 5.016150e+04
6.227628e-02 1.855994e+05
7.750873e-03 3.951786e+05
3.907308e-01 1.406579e+05
1.922333e-01 7.135221e+04
1.443322e+00 1.597370e+05
1.478699e+00 1.260080e+05
7.893074e-02 4.226940e+04
4.839008e-01 4.757006e+04
1.957078e-01 2.499815e+04
1.345689e+00 9.680313e+04
1.685921e-01 1.368718e+05
3.545816e-01 1.072277e+05
2.525710e-01 4.396880e+04
4.168500e-01 2.218272e+05
4.770572e-01 1.128467e+05
9.825168e-02 9.083490e+04
1.441010e+00 4.699307e+03
1.515984e-01 1.463065e+03
1.163674e-01 1.587431e+05
5.176231e-01 1.453359e+04
4.929159e-01 1.773871e+05
1.989683e-01 1.172650e+05
1.742646e-01 9.164619e+04
1.447064e+00 3.444724e+05
1.743091e-02 3.719008e+04
8.786152e-01 8.768473e+04
3.806635e-01 5.816264e+04
3.439999e-01 7.792588e+04
1.596715e+00 3.162092e+04
4.288134e-01 9.757974e+04
1.967136e-01 6.324060e+04
1.056304e+00 6.829246e+04
7.777601e-01 9.622990e+04
6.272350e-01 1.507409e+05
6.530020e-01 8.651227e+04
7.183572e-02 2.240019e+05
9.920038e-01 2.277154e+04
1.260459e+00 2.095553e+05
3.959575e-01 2.825764e+05
3.225473e-01 1.223843e+05
5.578128e-02 5.176655e+04
2.764669e-01 3.545836e+04
1.512323e+00 6.035296e+04
6.422123e-01 5.968896e+04
2.741380e-01 7.611242e+03
5.587499e-01 8.053496e+03
5.551575e-01 7.699211e+04
2.915320e-01 5.104332e+04
2.720200e-01 2.752477e+05
8.386951e-01 9.802296e+04
3.521202e-01 2.042973e+05
3.982665e-01 5.718971e+04
1.985906e-01 3.670685e+04
1.064727e-01 3.514322e+04
7.440145e-02 6.786695e+04
6.103446e-01 1.379480e+04
6.394617e-01 3.314409e+04
4.355145e-01 4.166658e+04
4.412257e-02 1.925526e+05
2.185570e-01 7.964032e+04
4.000730e-01 1.502649e+05
1.125654e+00 7.117134e+04
1.174307e-02 4.651698e+03
1.022121e+00 3.896026e+04
4.832098e-01 5.086544e+04
2.687802e-01 1.628772e+05
1.595716e-01 3.824694e+04
4.911429e-01 1.472953e+05
2.411462e+00 4.464011e+04
8.173227e-03 3.011816e+05
3.147519e+00 1.044603e+05
8.323385e-01 8.717593e+04
1.845423e-01 9.967925e+02
2.709203e-01 1.097187e+05
1.698265e+00 3.082184e+04
2.076301e-01 5.837817e+04
3.688277e-01 1.722926e+05
8.438866e-01 2.560174e+05
6.442011e-01 4.759690e+04
7.463976e-02 4.663194e+04
6.312576e-01 2.767224e+03
7.149832e-01 4.742640e+04
2.308174e-01 2.526219e+05
1.304122e-01 5.562463e+04
3.679230e-02 5.997963e+04
1.892896e+00 1.775420e+03
2.117133e-01 6.740918e+02
7.742525e-02 2.964611e+04
1.991806e-01 2.311487e+03
1.409828e-01 3.354112e+03
6.385073e-01 3.367684e+04
2.602058e-01 2.466259e+04
1.054080e-01 5.745234e+04
1.036823e+00 2.167811e+05
2.334614e-01 7.451548e+04
3.576597e-01 5.842362e+04
1.762481e-02 2.317960e+03
4.007324e-01 3.523740e+04
3.559934e-01 2.500267e+05
3.340338e-02 4.980883e+04
5.272263e-01 4.876111e+04
1.141839e-01 3.127624e+05
2.027592e-01 2.400021e+05
1.223997e-01 1.167374e+03
3.559879e-01 6.435966e+03
2.852171e+00 1.925404e+05
3.172952e-01 5.088583e+04
