1.257502e-01 2.627632e+03
4.218656e-01 6.266673e+04
6.572698e-02 3.045254e+04
4.069032e-01 2.929130e+04
3.126023e+00 2.606335e+05
9.723207e-02 7.881589e+04
5.208514e-01 4.241418e+05
5.727943e-01 2.311767e+04
2.128152e-01 2.759756e+05
2.351073e-01 2.418974e+03
1.333294e+00 5.731642e+04
7.969281e-02 9.314987e+04
2.650721e-01 6.145415e+04
5.988781e-01 5.832577e+04
2.586263e-01 3.287147e+04
3.918771e-02 9.766185e+04
1.656958e+00 4.229254e+04
4.965430e-02 1.515663e+04
2.439586e-01 8.206000e+04
2.880389e-01 1.228817e+05
1.824672e+00 1.539797e+05
1.183264e+00 1.627726e+05
4.545649e-01 3.403846e+04
8.102821e-01 1.431170e+05
7.514973e-03 2.438949e+05
4.684436e-02 2.280413e+05
4.543926e-02 1.487848e+05
3.517213e-01 9.791880e+04
1.384972e+00 1.078661e+05
7.079227e-01 1.244706e+05
4.853138e-01 5.699031e+03
7.874620e-02 4.907041e+05
1.210517e-01 2.784926e+05
8.617763e-01 1.594698e+04
1.185184e+00 1.641157e+05
1.759136e-01 3.768096e+04
1.029016e+00 1.489401e+05
7.001197e-01 2.241919e+03
6.627469e-02 2.389200e+05
4.338030e-01 1.126325e+05
1.346526e+00 1.870951e+05
2.670616e-01 6.389735e+04
1.142417e+00 4.527600e+04
4.755442e-01 1.969584e+04
8.189838e-01 3.118054e+04
4.866556e-02 5.401500e+04
3.089067e-01 5.654195e+04
2.493964e+00 2.036871e+05
1.263894e-01 6.273772e+04
8.911937e-01 9.059074e+04
7.578892e-01 1.819005e+04
1.181984e+00 1.811529e+04
9.531701e-01 5.144212e+04
3.836909e-01 2.366023e+05
1.004828e+00 5.844519e+03
5.581225e-02 4.193506e+04
7.560223e-01 8.637370e+04
2.674504e-01 9.581664e+04
3.107183e-03 1.557954e+05
6.301172e-02 5.377417e+04
3.969098e-01 1.504880e+05
7.637584e-01 3.101118e+04
3.448770e+00 6.764425e+04
9.558139e-01 4.880553e+04
4.910217e-02 8.968353e+04
8.048011e-01 1.913569e+04
1.821977e-01 1.837226e+04
4.827591e-01 9.456121e+04
3.618142e-03 8.447638e+04
2.792600e-01 2.238142e+04
5.936708e-01 6.347775e+03
1.205418e-01 1.186236e+05
4.652889e-01 2.353229e+05
1.512120e-01 1.734915e+05
8.308323e-01 2.297762e+04
2.077084e-01 1.399875e+04
1.155332e+00 9.001275e+03
1.373744e-01 1.019709e+04
1.142464e+00 1.158050e+05
1.009604e+00 8.839642e+03
9.003740e-02 2.440847e+04
3.210176e-01 2.936762e+05
3.335830e-01 7.348105e+04
2.008921e+00 3.571839e+04
3.939257e-01 1.184286e+05
1.406243e-01 2.140592e+05
1.085839e+00 6.483998e+04
3.631434e-01 2.475676e+05
1.463143e+00 1.090023e+05
3.991996e-01 3.273167e+03
7.946242e-01 1.753658e+05
5.556838e-01 1.786925e+04
3.679613e-03 2.844499e+04
5.267167e-01 3.431470e+04
5.796627e-01 1.764744e+04
1.090660e-01 3.424064e+05
4.519047e-01 3.671954e+05
2.616939e-01 2.027259e+05
9.994507e-01 5.668665e+04
1.186157e+00 6.202937e+04
9.191434e-01 1.947582e+05
4.533166e-01 7.245337e+04
2.577008e-01 1.596528e+04
1.876248e+00 4.688117e+04
3.153566e-01 3.609664e+05
3.376751e-01 1.344279e+05
8.472395e-03 3.566931e+05
2.054703e-01 1.215187e+05
1.110363e+00 7.092619e+04
7.898252e-01 1.870089e+04
2.032964e-01 2.217020e+04
1.292513e-01 8.707468e+04
1.102498e-01 3.835332e+04
2.492837e-01 8.865253e+04
7.093081e-01 1.098964e+04
2.364213e-01 7.030993e+04
2.925665e-01 8.621653e+03
2.808641e-02 2.832570e+04
1.414427e-01 9.889013e+04
1.244761e+00 1.784277e+04
1.053986e+00 1.513347e+04
2.289812e-01 3.119594e+04
9.034492e-02 1.318163e+04
5.292933e-01 1.253531e+05
1.984690e-01 6.334841e+04
2.160583e-01 1.016350e+05
8.797241e-02 1.118735e+05
1.094867e-01 2.576967e+04
1.525652e+00 3.683621e+05
2.718041e+00 1.404410e+05
1.638248e-02 2.456135e+05
1.721244e+00 7.548928e+04
1.227571e+00 2.614249e+04
3.716174e-01 2.283558e+04
5.680970e-01 3.097252e+05
6.999812e-02 1.654270e+05
1.492156e+00 2.021297e+04
1.840988e-01 9.423380e+03
1.143332e-01 1.115670e+05
2.454297e-01 3.718546e+04
7.270068e-02 3.332951e+05
3.919231e-01 1.536996e+05
2.979100e-01 9.614411e+04
1.736617e-01 1.897396e+05
1.689886e-01 9.348326e+04
1.464755e+00 2.840502e+04
3.705021e-01 2.212355e+05
1.578302e-01 5.495455e+04
1.504258e-02 3.396625e+04
9.045694e-01 8.455879e+04
6.273305e-01 2.626939e+05
1.356977e-01 3.192822e+04
4.529133e-01 1.814697e+05
6.571137e-02 1.014116e+05
1.527613e-01 1.263985e+05
2.758031e+00 3.308094e+03
3.493849e-01 1.690770e+05
4.260798e-02 1.739631e+05
2.913982e-02 1.546269e+05
8.741274e-02 3.481380e+04
5.121362e-01 2.815012e+04
2.191292e-01 5.423959e+03
2.120058e+00 1.700346e+04
8.143922e-01 5.258989e+03
5.027360e-01 9.357874e+04
9.217951e-02 7.394276e+04
3.265436e-01 6.014363e+04
5.578626e-01 9.163533e+04
7.878072e-01 9.620644e+04
2.720197e-01 1.248512e+05
5.243360e-02 1.035872e+05
3.929204e-01 7.443693e+04
7.728036e-01 2.063403e+05
5.410054e-02 1.071311e+05
1.016462e+00 2.691417e+04
6.996456e-01 4.972122e+03
5.049861e-01 2.490885e+04
3.317069e-01 5.274916e+04
3.068575e-01 2.682493e+05
4.582812e-01 1.918997e+05
1.721668e+00 1.479751e+05
1.639176e+00 1.620880e+04
8.879822e-01 2.523458e+05
6.722901e-01 1.732232e+05
1.319197e-01 7.633150e+04
4.653662e-01 1.150593e+05
2.897888e-01 8.742927e+04
2.001414e-01 5.182368e+04
3.107707e-02 4.687808e+04
3.445274e-01 2.207993e+04
3.792724e-01 4.342739e+04
6.668782e-02 8.894667e+04
8.305829e-01 4.632707e+04
4.870290e-01 2.387034e+05
1.643265e-01 9.301428e+04
7.465495e-01 1.449752e+04
3.329208e-01 1.229283e+05
4.806448e-01 9.047642e+04
6.953551e-01 3.106939e+04
1.351828e-01 1.911467e+05
8.453962e-01 1.849539e+05
8.616524e-01 1.032916e+05
9.228738e-02 5.912907e+04
1.590329e-01 9.642770e+04
2.194913e-01 2.741865e+04
8.677195e-01 6.023421e+04
7.539918e-01 1.182956e+05
5.049653e-01 5.001369e+04
1.733314e+00 4.833271e+04
1.344284e-03 4.753789e+05
2.540447e-01 3.024812e+05
2.630938e-01 9.970141e+04
1.126158e+00 6.820483e+04
3.060420e-01 3.312887e+04
3.740308e-01 9.917004e+04
5.207140e-01 3.855680e+04
3.713894e-01 2.178884e+05
5.886403e-01 1.024627e+05
3.895657e-01 9.332656e+03
3.178349e-01 1.811773e+05
4.578699e-01 4.864384e+04
1.277807e-01 1.261218e+05
9.729749e-01 5.682961e+04
6.300827e-01 6.723106e+04
4.086156e-01 2.326533e+05
4.340301e-01 1.318039e+05
6.000825e-02 3.418735e+05
5.338068e-01 9.542804e+04
3.730461e-01 1.443909e+05
5.801882e-01 3.069017e+04
9.660178e-02 8.015498e+04
3.773632e-02 7.373294e+04
1.650739e-01 4.516299e+04
4.654971e-01 9.204306e+02
9.149488e-01 1.779271e+05
1.206102e+00 5.153939e+05
1.553685e-01 2.403482e+04
8.937848e-01 4.247745e+05
5.095424e-01 1.596290e+05
1.005485e+00 1.559814e+05
6.450172e-01 1.807011e+05
6.515612e-01 1.949636e+05
6.869973e-01 5.114132e+03
2.097051e-01 6.294410e+03
2.905911e-01 1.195210e+05
4.499431e-02 2.237024e+05
7.268557e-01 6.312025e+03
8.823522e-01 2.141462e+04
8.262766e-01 9.731320e+04
9.109495e-02 6.836180e+04
1.286353e-01 4.844342e+04
1.337671e-01 2.440969e+05
3.473555e-02 2.041958e+05
3.964494e-01 4.334056e+04
4.767422e-01 2.146262e+04
2.009055e-02 4.173444e+05
1.052189e+00 2.353662e+05
1.418529e+00 2.671275e+05
4.175885e-01 1.742945e+05
9.691719e-01 2.526343e+05
8.998958e-02 2.162026e+05
4.196055e-01 5.287126e+04
3.258563e-01 2.007569e+04
2.119254e-01 1.776240e+05
1.453060e-02 3.779971e+04
8.967054e-02 5.507168e+04
2.640872e-01 4.840908e+04
1.025968e-01 1.419275e+05
2.756904e-02 2.936990e+04
3.708762e-01 7.604590e+04
3.951030e-01 3.544066e+04
1.766226e+00 6.922226e+04
1.579328e-01 9.611746e+04
2.103891e+00 6.961242e+04
1.352308e-01 2.942345e+04
2.808924e-01 3.378455e+04
2.309696e-01 7.550792e+03
3.109341e-01 2.422911e+04
4.098035e-02 9.429197e+04
2.744851e-01 6.024200e+04
1.125886e-01 8.621604e+04
5.130517e-01 5.384278e+04
7.066677e-01 1.341135e+04
6.534096e-01 2.431005e+04
4.256167e-01 6.914322e+04
4.422231e-01 3.036961e+04
3.853110e-03 1.314878e+03
4.641537e-01 5.690549e+04
7.213974e-01 2.860305e+04
1.088152e-01 1.866766e+05
5.445260e-03 2.621513e+05
5.778923e-01 3.121791e+05
2.084114e-01 5.948706e+04
1.763659e-01 5.299745e+04
5.854597e-02 3.271462e+04
8.121132e-01 2.022915e+04
2.101480e+00 2.938332e+05
4.047374e-01 7.765113e+04
2.823998e-01 8.757024e+03
5.466549e-02 6.897580e+03
4.329485e-01 2.274618e+05
1.062531e-01 7.779824e+04
4.498520e-01 3.909308e+04
2.950054e-01 2.208807e+05
2.428288e-01 1.868141e+04
8.509816e-01 3.862240e+04
2.649397e-02 3.416242e+05
3.203977e-01 3.417604e+03
2.912463e-01 1.303314e+04
3.806435e-01 3.631524e+04
2.895885e-01 8.187277e+03
3.814292e-01 1.086765e+05
7.808134e-02 8.285422e+04
4.875701e-01 1.159925e+05
4.690026e-02 1.100381e+04
2.189894e+00 5.387005e+04
1.176461e+00 2.380234e+03
3.401253e-02 1.100809e+05
2.190733e-02 6.548660e+04
5.834320e-01 2.351113e+05
1.630233e-01 6.192018e+04
1.631146e+00 8.023435e+04
5.863321e-01 5.976118e+04
8.189316e-01 7.531269e+03
6.399689e-01 2.062768e+05
1.248169e-01 9.142424e+04
2.047568e-01 1.321388e+05
5.139020e-01 1.169788e+05
7.866184e-01 4.227645e+04
1.084277e-01 1.661836e+05
9.817618e-02 2.674033e+05
8.347406e-01 2.696233e+04
2.173513e-01 2.126653e+04
4.096368e-01 4.318635e+04
3.787468e-01 4.076673e+03
6.338114e-02 3.131914e+04
5.304192e-01 8.744385e+04
1.065209e-01 1.401673e+05
6.032050e-01 7.514168e+04
3.350575e-01 1.457462e+03
4.059667e-01 1.726203e+04
1.741976e-01 6.501073e+04
1.001487e+00 1.493340e+05
1.321718e-01 2.690498e+04
6.931358e-02 6.044192e+04
2.489524e-01 5.745016e+04
4.511616e-01 5.082464e+04
2.633730e-01 8.006046e+04
1.229150e+00 1.351048e+04
2.680927e-02 4.480155e+04
7.877915e-01 8.082862e+03
5.581078e-02 6.311397e+03
6.723721e-01 4.252390e+04
8.002993e-01 1.013005e+05
3.488980e-02 4.050712e+05
4.599698e-01 1.284089e+05
2.184745e-01 3.491724e+04
1.277468e+00 7.199009e+04
3.434572e-01 8.540842e+03
9.155899e-01 9.427660e+04
7.602498e-01 1.474072e+05
9.506722e-01 1.539480e+05
2.419367e+00 3.263598e+04
9.827378e-01 4.759370e+05
8.187965e-02 2.085514e+05
6.693805e-01 2.108427e+04
4.343280e-01 7.613052e+04
7.600350e-01 1.119770e+05
1.256760e+00 6.842940e+04
6.133463e-01 2.184076e+05
2.822687e-01 6.324002e+04
1.213618e+00 5.202361e+04
2.026873e-01 1.795203e+04
7.542619e-01 1.058479e+05
5.894684e-01 6.480855e+04
1.063601e-01 5.420600e+03
2.185667e-01 1.992838e+04
5.983033e-01 1.135038e+05
6.191538e-01 9.987358e+04
6.520276e-01 9.906377e+04
4.493525e-01 4.702837e+03
9.894435e-01 1.705752e+05
3.196004e-02 1.133113e+05
6.129128e-03 9.912849e+03
1.412900e+00 2.928489e+05
2.390741e-01 8.679389e+04
5.533937e-01 6.628292e+04
9.653143e-02 1.139650e+05
6.282383e-01 1.046237e+05
2.413763e-01 2.732510e+03
1.514096e-01 1.098707e+05
8.988457e-02 4.540823e+04
1.983946e-01 2.553290e+05
1.359070e-01 1.143117e+04
3.148010e-01 1.212532e+05
2.759692e-01 6.752252e+04
1.551347e-01 1.640952e+05
4.795502e-01 9.141388e+04
2.163985e-01 2.033477e+05
9.471657e-02 1.576852e+04
2.917118e-01 3.237216e+04
2.550983e-01 1.449625e+04
6.518686e-02 3.559567e+04
2.369546e-01 2.137495e+04
1.199554e-02 1.024614e+05
2.371500e-02 7.880214e+04
1.623023e-01 8.906704e+04
1.153005e+00 1.623586e+05
4.386978e-01 1.872925e+04
4.084439e-01 7.717133e+04
8.036782e-02 1.635104e+03
1.022479e+00 2.666003e+05
1.991802e-02 7.273406e+04
1.060745e+00 8.029219e+04
8.998546e-01 4.466142e+04
4.252819e-01 3.331807e+03
3.335909e-01 2.223170e+04
2.067109e-01 9.577210e+04
8.220092e-02 1.584041e+05
3.425347e-01 1.342638e+04
1.244127e-01 3.365438e+05
2.215054e-01 8.918521e+04
7.314206e-02 1.232308e+04
4.244940e-01 2.211723e+04
2.629098e-01 5.750788e+04
3.412309e-01 4.741177e+04
2.527740e+00 1.043524e+05
3.839531e-01 5.897879e+04
3.145535e-02 2.263446e+04
2.253786e-01 7.093848e+03
2.680812e-01 1.206768e+05
3.528205e-01 3.874410e+05
1.383933e-01 8.097030e+04
1.038774e-01 2.345477e+04
1.776688e-01 1.603795e+04
1.125362e+00 5.379914e+04
3.568737e-01 2.820936e+05
4.445353e-01 1.397685e+05
9.354897e-01 3.382141e+03
7.170510e-01 1.470349e+05
2.066718e-01 2.063731e+05
3.635245e-01 5.128714e+03
1.162173e+00 5.708889e+04
1.947418e-01 1.554790e+05
1.130033e-02 3.359371e+04
1.164760e+00 4.254225e+04
6.390787e-01 1.531001e+05
2.882864e-02 3.807090e+04
3.278612e-01 2.751061e+05
1.168139e-01 4.899280e+04
4.413531e-01 4.687950e+04
5.411631e-01 8.079983e+04
1.102963e+00 2.708688e+05
2.428460e-01 1.168588e+04
2.874970e-01 1.901864e+05
6.890401e-01 1.324659e+05
2.196971e-02 2.104520e+04
4.099534e-02 1.316185e+05
2.640656e-01 1.575519e+05
4.081879e-02 1.211436e+05
3.572952e-01 8.446727e+04
1.789013e-01 7.174688e+03
3.629204e-02 1.920598e+05
4.557141e-02 1.462262e+05
1.015384e-01 5.432623e+04
3.159126e-01 1.467235e+05
3.374256e-01 4.260276e+04
1.192486e+00 1.047872e+05
3.588174e-01 1.577562e+04
2.493542e-01 6.942148e+05
1.513089e-01 5.738217e+04
1.952988e+00 3.528626e+04
5.660025e-01 1.120873e+04
1.359070e-02 7.461825e+04
7.057409e-02 8.672591e+03
3.703876e-01 3.751936e+04
1.031026e+00 7.314514e+04
2.990235e-01 8.302751e+04
1.865227e-01 2.608408e+04
2.667677e-01 1.201772e+04
3.934618e-01 1.004201e+05
5.929998e-02 1.281968e+05
1.623626e+00 5.000102e+03
5.575981e-02 1.785633e+05
7.491642e-03 3.776182e+04
1.050860e-01 7.772709e+04
5.510978e-01 3.184075e+04
1.379787e+00 2.757799e+05
6.351724e-01 8.134309e+04
8.222746e-01 1.101430e+05
1.169208e-02 6.540738e+04
1.180724e-02 1.780961e+04
2.786815e-02 3.152276e+04
2.529729e-01 7.330886e+04
3.738882e-01 7.244946e+04
1.027908e-01 1.122949e+04
8.955052e-02 7.061263e+04
1.288962e-02 4.427200e+02
3.628452e-01 3.578543e+04
5.181746e-01 1.804127e+04
5.814516e-01 4.660808e+04
5.249319e-01 6.056416e+04
5.787117e-01 3.269977e+04
3.336164e-01 2.665400e+05
2.427095e-01 4.698051e+03
6.573466e-01 2.171845e+05
1.115332e+00 1.368122e+05
1.211676e+00 7.435726e+04
4.213557e-01 1.165239e+05
5.366899e-01 4.526735e+04
2.693471e+00 2.937144e+04
1.132064e-01 1.320049e+04
1.966440e-02 4.504483e+04
4.854668e-01 1.478712e+04
4.220486e-01 1.120244e+03
1.301452e+00 5.736524e+04
5.476125e-01 1.414490e+05
2.370186e-01 6.383734e+03
5.861245e-02 4.905851e+04
9.134828e-02 1.962587e+04
9.220459e-01 1.164576e+05
1.289841e-01 6.186098e+05
1.945769e-02 9.111548e+04
5.832959e-01 5.522674e+03
6.530101e-01 3.203263e+04
5.105277e-01 1.596990e+05
2.987760e-01 1.871811e+03
2.337305e+00 2.013525e+05
2.980693e-01 3.148090e+04
1.621401e-01 2.373990e+05
5.359003e-01 3.670072e+04
7.065780e-01 8.288566e+04
8.925813e-01 1.717161e+04
1.614894e-01 1.467532e+05
1.486313e+00 1.611971e+05
3.099049e-01 3.135603e+05
1.560580e-02 4.543128e+04
1.853584e-01 1.617624e+05
