2.152342e-01 9.603244e+04
2.744095e-01 2.282528e+03
4.558384e-01 1.917527e+05
1.243162e+00 8.539576e+04
1.687718e-02 1.464892e+05
5.260282e-01 4.073859e+04
1.000745e+00 6.578354e+04
4.568781e-01 1.297877e+05
1.393978e+00 1.732853e+04
2.643498e-01 2.978743e+04
4.709369e-01 3.814317e+04
1.171915e-02 3.428931e+05
9.645373e-01 1.813945e+04
4.983862e-01 2.332523e+04
1.856580e-01 5.045862e+04
4.505797e-01 8.976209e+04
4.269941e-01 1.708313e+04
6.207122e-01 3.674031e+04
3.805231e-01 1.920274e+04
3.157932e-02 1.769596e+04
4.101379e-01 7.726423e+04
1.808945e-02 2.143558e+03
7.340897e-01 2.331217e+05
1.902075e-01 1.991541e+04
9.979885e-01 4.890366e+04
3.001198e-01 8.815001e+04
3.101448e-01 1.785845e+05
4.431975e-02 3.707855e+05
1.231895e-02 3.206674e+04
2.262360e-01 4.725410e+04
3.978040e-01 8.235177e+04
8.952238e-01 3.239432e+05
2.382610e+00 4.607731e+05
3.632850e-02 1.886791e+05
7.524638e-01 2.608715e+05
1.429815e-01 6.228593e+04
8.889622e-02 1.025813e+05
2.443614e-02 2.731514e+05
1.406326e+00 9.436385e+04
1.251731e+00 1.051329e+05
1.532924e-01 3.263727e+04
3.481149e-01 7.323544e+03
6.623423e-01 3.820280e+04
1.464710e+00 3.973245e+05
1.405050e+00 2.192298e+05
2.048563e+00 1.995997e+05
3.891579e-01 9.068929e+04
6.607858e-01 1.727878e+05
1.557729e+00 4.099448e+04
7.084100e-01 1.768624e+05
1.100731e-01 5.427882e+04
1.115359e+00 1.454043e+05
3.812064e-01 1.314732e+05
7.802080e-01 4.421727e+04
7.278240e-02 4.057115e+05
2.905279e-02 9.342229e+04
1.007974e+00 1.060896e+05
7.015003e-01 6.930526e+04
1.447137e-01 2.751395e+04
5.254434e-01 7.132139e+04
6.225099e-01 1.281304e+05
3.170590e-01 1.386465e+04
8.534347e-02 6.924766e+04
8.958667e-01 9.475203e+04
7.932732e-02 2.620623e+05
4.963090e-01 2.767567e+05
2.522765e-02 1.040942e+05
2.486567e+00 3.059428e+03
2.561064e-01 2.633523e+04
6.559025e-01 2.336786e+05
1.365627e+00 1.155476e+03
6.575942e-02 1.064136e+05
3.183223e-01 6.290906e+04
1.191756e+00 2.621410e+04
9.653780e-02 2.316821e+04
2.582282e-01 3.170407e+04
2.705170e-01 1.644528e+03
1.940639e+00 1.110814e+05
1.169057e-01 7.122729e+04
5.476410e-01 2.080318e+04
1.385513e-01 3.096139e+05
2.026110e+00 2.925183e+04
2.377367e-01 3.968859e+05
9.093618e-02 3.431048e+04
1.037509e-01 2.973595e+04
1.194862e+00 5.985126e+04
8.624790e-01 2.063949e+05
3.668141e-01 2.721566e+05
9.291295e-01 1.159921e+04
2.721891e-01 1.661295e+04
1.763105e-01 2.054484e+04
6.494650e-02 1.156540e+04
2.790495e-03 2.762924e+05
3.634517e-01 2.022276e+04
8.963291e-01 1.632847e+05
3.517610e-01 1.601023e+05
3.726392e-01 5.734571e+04
1.695809e-03 4.871231e+04
8.617306e-01 3.184967e+05
3.328560e-01 2.442752e+04
3.340790e-01 9.261959e+04
6.069262e-01 1.450184e+05
4.798928e-01 2.496555e+05
8.977086e-01 9.999001e+04
7.605942e-01 1.419685e+05
1.193697e+00 9.670735e+04
5.896524e-01 1.169318e+05
3.295738e-02 2.203076e+05
7.601409e-02 5.626584e+04
5.417473e-01 4.019717e+04
3.721069e-01 1.087312e+05
4.404514e-01 5.288628e+04
4.496924e-01 6.248901e+04
7.789460e-01 2.621290e+05
1.537517e-01 1.537272e+05
4.378890e-01 5.202822e+04
4.926843e-01 9.679822e+04
1.067450e-01 2.716213e+05
2.613469e-01 2.722162e+05
2.999589e-01 1.264098e+05
3.735033e+00 2.761481e+04
9.125843e-02 5.254582e+04
6.604462e-02 8.676765e+04
7.734110e-01 1.112582e+05
5.017086e-01 8.764806e+04
7.412059e-01 2.959457e+05
4.778636e-01 6.299960e+03
1.966809e-01 1.144737e+05
1.267468e+00 9.463465e+03
9.446642e-01 4.119647e+04
4.478365e-01 1.702664e+05
4.495033e-01 7.419340e+03
8.422515e-01 3.091179e+05
1.449226e+00 4.874794e+03
2.579964e-01 1.106434e+05
3.843641e-02 4.828835e+04
1.833228e-01 8.367104e+04
1.018102e+00 6.936658e+04
7.981782e-01 4.141636e+04
3.110905e-01 9.853394e+04
1.117282e-01 1.548823e+04
2.850886e-01 3.515807e+03
7.690505e-02 5.077656e+04
1.245739e+00 8.450134e+04
3.037755e-01 2.200145e+04
4.132732e-02 1.441347e+04
2.884763e-01 1.726636e+05
4.707800e-01 5.288859e+04
2.717523e-01 1.002040e+04
6.231249e-02 1.612586e+05
1.352241e-01 1.857490e+05
8.048460e-02 7.178118e+04
2.128923e-01 6.090835e+04
3.892833e-01 7.057838e+04
1.569863e+00 7.360148e+03
1.813161e-01 1.605998e+05
4.516255e-01 6.579744e+04
7.972956e-01 1.405318e+04
5.096687e-01 3.219170e+05
8.915559e-02 5.874122e+04
2.784513e+00 1.373934e+05
2.123425e-02 2.876651e+05
9.354284e-01 4.596775e+04
2.582982e-01 1.934264e+05
1.658675e-01 3.346429e+04
1.050438e-01 4.483179e+05
3.842862e-01 6.802293e+04
2.876368e-01 6.699185e+04
4.040365e-01 1.102743e+05
2.367080e+00 2.633480e+04
3.760938e-01 1.548128e+04
4.341806e-01 5.575744e+03
2.388065e-01 1.578735e+04
2.075384e-01 2.187086e+04
1.166562e+00 2.301464e+05
1.119852e+00 2.107979e+04
5.802538e-02 2.015259e+05
1.495354e-02 2.083455e+05
8.221815e-01 6.518118e+04
9.169770e-02 9.209957e+04
2.210551e-01 1.822933e+05
3.209291e-01 8.011262e+04
5.375639e-01 2.383160e+04
2.677774e-01 3.989356e+04
4.531919e-01 9.329221e+04
4.556726e-01 1.039925e+05
2.001599e-01 2.269363e+04
5.394650e-01 3.124981e+05
1.130393e+00 1.109341e+05
3.581868e-01 2.820090e+04
3.419016e-02 4.806819e+04
2.024870e-01 2.046376e+04
5.178527e-01 1.265784e+05
4.254730e-01 9.130607e+04
1.447983e-01 1.004689e+05
3.883563e-02 9.485686e+04
3.315948e-01 5.409559e+04
5.711351e-01 1.895031e+04
7.278882e-01 1.389104e+04
1.204100e+00 2.049663e+05
4.304633e-01 7.189356e+04
1.653347e+00 1.617057e+05
5.999895e-01 2.025162e+04
2.067330e-01 2.015096e+04
9.035371e-01 2.047797e+05
9.015492e-01 2.799233e+05
7.601409e-01 4.799188e+04
7.607759e-01 3.877252e+05
1.074954e+00 4.058718e+03
9.260649e-01 5.245208e+04
9.429550e-02 4.737255e+03
1.365954e+00 2.684360e+04
4.264442e-01 4.738994e+04
2.447572e-01 3.129706e+04
7.418074e-01 1.452190e+05
5.573672e-01 1.223477e+04
5.433807e-01 2.101770e+05
9.286533e-02 6.511708e+04
6.680743e-01 1.025838e+05
2.597969e-01 6.154920e+04
1.159244e-01 3.836869e+05
3.835135e-01 1.064888e+05
1.075111e+00 3.423558e+04
8.251372e-01 1.246416e+05
7.196103e-01 3.040438e+04
8.863104e-01 4.612486e+04
2.860251e-01 3.251686e+05
7.324438e-02 6.341355e+04
7.667789e-01 1.859432e+05
5.796581e-02 1.348821e+04
1.462172e+00 3.443728e+05
4.058650e-01 1.668724e+05
1.128017e-01 1.671570e+05
3.370507e-01 1.693245e+05
2.250455e-01 3.298487e+05
5.001382e-02 3.237694e+04
5.938657e-01 3.872962e+05
1.059342e-01 2.879856e+04
2.922785e+00 4.776791e+03
4.441949e-01 2.383043e+05
5.219116e-01 2.057250e+04
8.349509e-02 2.201522e+04
4.450496e-02 9.653981e+04
8.848783e-01 4.590741e+05
5.707952e-01 1.986338e+04
6.924061e-01 1.361944e+05
7.270056e-01 5.005607e+03
3.507785e-01 1.113394e+05
4.174070e-01 3.065671e+04
2.619316e-01 1.209388e+04
4.529322e-01 1.223823e+05
3.916678e-02 1.407889e+04
5.189180e-01 4.853100e+04
1.972392e-01 3.173077e+04
3.935270e-01 1.285244e+04
9.136669e-01 6.294781e+03
3.593052e+00 7.994089e+04
9.447323e-01 1.471541e+05
3.453389e-01 2.205932e+04
1.749276e-01 3.588669e+02
3.156359e-02 1.089285e+04
5.187569e-01 8.548417e+04
1.291512e+00 1.926211e+05
1.030605e+00 4.628409e+03
5.736890e-01 1.156660e+05
1.822872e+00 4.605179e+04
1.095923e-01 1.082498e+05
7.816648e-01 9.292282e+04
1.428141e-01 1.474435e+05
4.043033e-01 2.734614e+04
9.582151e-02 1.506274e+05
1.987834e+00 2.425544e+01
5.464001e-01 3.695174e+04
9.161583e-01 1.308505e+05
3.906002e-01 7.213958e+03
1.231706e-01 4.890144e+04
5.150114e-01 1.040188e+03
2.923169e-01 3.309221e+04
7.550550e-01 9.160710e+04
1.142208e-01 2.893004e+04
9.009773e-01 5.349679e+04
9.961152e-02 1.738004e+05
9.727957e-01 7.296666e+02
2.996230e-03 5.858416e+04
1.290027e+00 2.891947e+04
5.631639e-01 3.353427e+04
2.363330e+00 4.899571e+03
1.989885e-01 1.781229e+05
2.800287e-01 1.158724e+05
2.758643e-02 3.306462e+05
1.494218e-01 1.837744e+05
5.098297e-01 6.789374e+04
1.299797e-01 3.026581e+05
2.635127e-01 7.847227e+04
4.387890e-01 1.266766e+05
5.596420e-01 6.871879e+04
7.281443e-01 1.941543e+05
6.098557e-02 1.307245e+05
6.330554e-01 3.113294e+04
3.583314e-01 5.372037e+04
1.841639e+00 2.343586e+04
2.803352e-02 7.086400e+03
1.242823e+00 4.895769e+04
7.911314e-01 5.453884e+04
4.243222e-01 1.049445e+05
5.381169e-02 9.062940e+03
7.990876e-01 1.484628e+03
9.155884e-01 7.079631e+04
9.233488e-01 2.273126e+05
6.880897e-01 2.537735e+04
1.396466e-01 1.436794e+04
9.012121e-01 1.457746e+04
2.067209e+00 2.516500e+05
5.771035e-02 3.041803e+05
2.450835e-01 3.659431e+04
1.118182e+00 3.808820e+04
4.937067e-02 4.090301e+04
7.428810e-02 3.267784e+04
4.177543e+00 6.433193e+04
4.193602e-01 2.188101e+04
5.904233e-01 4.080043e+04
5.382536e-01 2.526756e+04
3.249670e-01 3.368234e+05
7.282142e-01 8.311869e+04
1.437880e-01 2.505403e+05
1.005325e+00 5.233010e+04
8.739530e-01 1.492476e+05
1.016707e+00 5.267338e+04
4.032626e-01 1.705657e+05
3.167720e-01 5.433322e+04
1.200872e-01 3.127490e+04
3.652976e-02 6.589522e+04
6.750124e-01 4.021855e+04
1.529281e-01 7.104751e+04
7.365422e-01 1.404912e+04
2.084438e-01 1.808928e+05
1.952250e-01 6.030493e+04
1.176934e-01 1.429639e+04
7.371316e-02 1.160708e+05
6.954020e-01 6.393522e+04
4.344944e-01 1.351620e+05
5.530208e-01 2.983821e+04
1.821634e-02 2.013837e+04
3.514694e-01 1.395276e+04
3.500135e-01 1.987929e+04
1.333676e+00 1.589529e+03
1.298092e-01 3.131482e+04
1.220377e-01 9.079591e+04
8.748202e-01 6.694357e+04
3.458323e-01 1.466058e+04
2.511993e-01 3.525270e+04
1.137479e-01 2.064353e+04
9.727394e-01 8.216018e+04
1.345804e+00 4.754630e+05
2.377944e-01 4.606405e+03
3.988475e-01 1.049106e+05
1.485796e+00 4.153175e+05
1.532833e+00 1.072902e+03
2.545090e-01 2.115372e+05
4.849768e-01 3.155147e+04
2.412659e-01 7.516970e+04
4.710136e-01 2.440136e+05
1.978322e-01 7.825906e+04
7.077112e-02 4.924799e+03
1.070952e+00 1.995908e+05
1.626731e-01 2.330434e+05
3.136885e-01 8.574257e+04
9.334933e-02 2.460079e+05
1.740950e-02 1.157471e+05
1.208410e+00 2.232876e+05
5.542116e-01 1.192521e+03
8.475763e-02 1.224720e+04
1.243960e+00 5.264433e+04
2.925217e-01 6.973227e+04
5.881487e-02 1.927604e+04
1.297097e+00 1.350492e+05
4.285314e-01 1.939750e+05
1.061564e-02 8.493741e+04
5.220064e-01 2.288868e+04
2.656533e-01 1.297334e+05
2.675368e-01 2.076891e+04
5.511865e-01 1.565226e+04
7.474281e-02 1.504985e+05
1.335763e-01 1.004898e+05
1.489822e+00 1.919202e+04
6.353068e-01 1.251889e+05
1.000558e-01 1.819795e+04
7.719538e-01 2.032660e+04
5.201383e-01 2.197831e+04
1.486518e-01 1.121467e+05
7.705448e-01 9.811441e+03
8.346587e-02 1.077282e+05
4.794336e-01 1.358103e+05
2.895411e-01 1.687326e+05
5.251457e-02 4.002890e+04
3.395956e-02 8.790511e+04
5.257121e-01 7.806662e+04
2.119670e-01 1.200987e+05
1.804448e-02 3.705957e+04
7.821106e-02 2.232130e+04
2.306245e-01 1.412257e+05
3.403278e-02 5.638887e+04
3.368079e-01 4.123991e+03
7.085710e-03 1.893078e+05
5.123729e-01 1.004507e+05
5.063939e-01 3.451677e+04
9.171347e-01 4.327128e+05
7.344459e-02 1.643684e+04
2.981676e+00 2.128199e+03
2.138609e-01 4.709437e+04
2.779527e-01 2.985657e+05
4.946935e-01 1.154131e+03
1.480966e-01 1.511951e+04
9.487340e-01 4.493458e+05
2.838585e-01 2.279036e+04
4.380029e-01 1.699342e+05
4.668949e-01 1.079554e+05
7.224620e-01 3.151911e+02
3.172301e-01 2.603964e+04
9.870575e-02 3.978037e+04
5.195967e-01 8.340650e+04
8.427170e-02 8.693240e+04
1.334626e-01 1.494985e+05
1.681923e-01 2.332255e+04
1.054153e-01 2.769969e+04
2.139384e-01 7.767656e+04
3.310712e+00 9.807404e+04
4.061353e-01 8.320338e+04
2.619894e-01 4.084236e+04
2.161237e-01 1.033572e+05
3.601164e-01 9.594137e+04
2.850316e-01 5.746194e+04
4.538430e-02 2.097132e+05
9.666369e-01 4.437698e+04
6.374264e-01 1.440505e+04
4.999475e-01 3.288685e+04
1.695779e-01 2.700296e+04
2.911169e-01 2.408186e+05
2.817740e-01 2.296332e+04
5.492277e-01 5.445588e+04
3.428334e-01 2.832795e+05
1.838235e-01 3.634078e+04
5.746852e-01 1.691870e+05
3.412035e-01 2.488849e+03
1.968942e+00 1.471122e+05
1.447978e-01 2.581440e+05
5.242516e-02 1.863129e+04
3.361079e-02 2.697287e+04
2.057150e+00 3.671555e+04
7.412436e-01 7.593214e+05
2.831086e-01 6.875152e+04
2.395062e-01 1.234210e+05
2.175009e+00 8.477919e+04
5.764803e-01 1.418950e+04
1.552117e-01 6.257492e+03
1.032906e-01 3.579423e+04
7.144555e-01 3.242790e+05
7.599039e-01 3.429376e+04
2.255469e-03 4.532275e+04
1.097215e-01 2.501173e+05
3.704483e-01 1.382228e+05
3.331043e-01 1.812114e+05
7.095786e-01 1.800930e+05
3.775361e-01 1.557954e+05
1.138746e-02 5.558928e+04
1.024489e+00 1.125972e+05
1.467985e-01 1.974259e+05
8.898278e-02 5.909877e+04
1.127806e+00 1.063855e+05
5.460380e-01 5.961237e+04
2.750635e-01 8.672222e+04
9.864313e-02 3.711882e+04
1.446530e-01 2.516195e+04
8.884671e-01 1.385060e+05
2.087305e-01 4.343404e+05
4.129553e-02 9.673543e+04
1.161639e-01 3.894009e+04
1.053320e+00 3.953197e+03
1.113939e-01 7.532638e+04
3.447294e-01 1.279777e+05
3.871704e-02 7.981237e+04
1.569985e-01 4.624312e+03
5.005498e-01 3.783126e+05
1.028366e-01 1.161592e+04
2.042518e-01 5.346521e+03
4.109084e-01 4.741654e+04
2.451940e+00 1.757962e+05
2.085424e-01 1.260825e+03
1.610781e-01 1.724241e+05
2.488534e-01 6.716241e+03
9.514516e-01 5.694724e+04
4.938672e-01 6.453344e+03
1.532827e-01 3.659847e+05
2.490731e-01 6.879075e+04
1.894819e-01 1.382423e+05
5.605937e-02 5.479622e+03
5.938324e-01 8.986631e+04
8.350709e-02 2.389474e+05
1.254974e-01 1.105775e+04
1.205320e-01 3.183828e+04
5.113582e-01 4.635805e+04
1.409685e-01 1.099836e+02
1.292405e+00 1.170744e+05
3.897193e-01 5.326840e+04
3.355946e-01 1.185508e+04
6.322107e-03 4.532497e+04
4.534280e-01 5.526504e+03
1.580024e+00 2.156566e+05
7.570916e-01 9.761673e+04
5.073771e-01 1.439203e+05
1.464697e+00 9.417374e+04
6.494508e-01 2.063104e+04
2.928246e-01 7.085981e+04
3.518374e-01 4.117498e+04
7.104692e-02 5.652663e+04
8.195428e-01 2.225665e+05
1.538398e+00 8.784153e+04
6.021668e-01 1.765145e+05
2.178696e+00 1.463541e+04
6.741127e-02 1.287344e+05
6.834770e-02 1.193424e+05
1.023268e+00 1.005480e+04
1.250195e-01 2.526540e+04
1.731236e-01 4.288623e+04
5.084759e-01 4.946840e+04
4.068006e-01 6.913166e+04
1.365154e-01 1.102902e+05
5.786524e-01 2.824003e+04
4.125215e-01 1.765690e+05
1.067000e-01 3.412625e+04
5.861518e-01 5.472641e+04
4.213676e-01 5.671985e+04
2.012423e-01 1.000245e+05
