4.536301e-02 5.436468e+03
1.282587e-01 1.610045e+05
8.847501e-02 1.364067e+05
3.365693e-01 1.427493e+05
1.140053e+00 8.897863e+04
2.806890e-01 1.266434e+04
4.751745e-01 1.000757e+05
2.231563e-01 1.992100e+05
1.028511e+00 3.132997e+04
2.809107e-01 8.628495e+04
5.230517e-01 2.672259e+04
1.045145e-01 3.144836e+05
1.785270e+00 2.735364e+05
5.167010e-01 4.470352e+04
1.740550e+00 6.134256e+04
1.364282e-02 6.830903e+04
1.838412e-02 2.705594e+04
5.828976e-01 3.138511e+04
1.602613e-01 3.810510e+04
8.197863e-01 1.716940e+04
8.591572e-02 6.363078e+04
3.575326e-01 1.074937e+05
2.866713e-01 6.607306e+04
5.273185e-02 5.673711e+03
4.724692e-02 2.932422e+04
4.493094e-01 1.198534e+05
2.670016e-01 2.070715e+05
2.025617e-01 4.247946e+05
4.053034e-02 6.349617e+04
2.528988e-01 3.473442e+05
5.402328e-01 2.268576e+04
4.034289e-02 8.114838e+04
1.931314e-01 1.207261e+05
8.537651e-01 4.970824e+04
9.601481e-01 1.145675e+05
3.579964e-02 1.003205e+05
1.336920e-01 7.474143e+04
4.679358e-02 1.440718e+05
5.222914e-01 2.849208e+04
2.049286e-03 4.723316e+04
2.234711e-01 5.265721e+04
1.409400e+00 1.478767e+05
2.732749e-01 1.509737e+05
5.125491e-01 6.708480e+04
7.836830e-01 2.610749e+05
1.230705e-02 9.947357e+04
1.337459e-02 2.860248e+04
8.907302e-01 1.019555e+04
4.999892e-01 1.604696e+05
1.598422e+00 6.121681e+04
2.987836e-02 5.062269e+04
8.905926e-02 5.062361e+03
2.757261e-01 2.328746e+05
1.465771e-01 7.081312e+04
5.299124e-01 1.331505e+05
9.317695e-02 2.221417e+02
6.141950e-01 6.698187e+04
3.160770e-01 8.417540e+04
6.546053e-01 1.437157e+05
7.144720e-01 1.318258e+04
1.218785e+00 3.441273e+03
3.604863e-02 1.492468e+05
3.561359e-01 9.983941e+04
7.407938e-01 7.105157e+04
1.925153e+00 1.036987e+05
1.135854e-01 3.792016e+04
1.362247e+00 1.829681e+05
9.086775e-01 8.270814e+04
1.562190e-01 2.044749e+04
1.749855e+00 5.658248e+04
4.932792e-01 4.111265e+04
1.954444e+00 7.185716e+03
6.698751e-01 2.098180e+05
4.105121e-01 6.161416e+04
1.084711e+00 1.478198e+04
1.345115e+00 2.220580e+05
4.198394e-03 1.548427e+04
1.134582e-01 3.230476e+05
2.298744e-01 1.118356e+04
6.038303e-02 1.966930e+04
1.055990e-01 6.325771e+04
5.842899e-01 2.088480e+05
3.146520e-01 1.506039e+04
6.990750e-01 5.108951e+03
6.333190e-01 1.985686e+05
4.634283e-01 3.067866e+04
2.443534e-01 1.050714e+05
8.452693e-01 5.088877e+03
4.407187e-02 3.200149e+05
5.792173e-01 3.197256e+03
1.436240e-01 8.547102e+04
5.985368e-01 4.376314e+04
1.916928e-02 9.097979e+04
2.712629e-01 2.215644e+05
3.340529e-01 1.483987e+04
4.966792e-01 1.839711e+05
7.030552e-01 1.026261e+04
5.491650e-01 3.326145e+03
3.689652e-01 5.347167e+04
2.294587e-01 3.362633e+04
5.560460e-01 1.455885e+04
2.520320e-01 1.305088e+05
5.730639e-01 6.673711e+04
9.444187e-02 1.169648e+05
1.916255e-01 1.682896e+04
1.604882e+00 1.095577e+05
2.300360e-01 4.707494e+04
2.870040e-01 1.554851e+05
1.413039e+00 1.285570e+05
3.314907e+00 8.682167e+04
1.149917e-02 5.303907e+04
1.331598e+00 7.652197e+04
3.776784e-01 2.424831e+03
1.375845e+00 1.626074e+05
3.336560e-01 8.648893e+04
1.406578e+00 1.159568e+03
4.250294e-01 5.966011e+04
4.089123e-01 8.125140e+04
5.324757e-01 1.105321e+04
2.119075e-01 3.197265e+04
1.400904e-01 9.417505e+04
8.325022e-01 4.467378e+05
4.034215e-01 4.458984e+04
9.151948e-01 8.183279e+04
2.766824e-01 2.958549e+05
8.415577e-02 3.434517e+04
3.579725e+00 4.780682e+04
1.687020e+00 1.357833e+03
7.821542e-02 3.075039e+05
5.925570e-01 2.040628e+05
1.191270e-01 3.102887e+05
9.415691e-03 1.072141e+05
1.153816e+00 5.961639e+04
2.886961e+00 3.738657e+04
4.493057e-01 2.106049e+04
5.593997e-01 8.258003e+04
6.970021e-01 1.480495e+03
6.863999e-02 1.990084e+05
1.964888e-01 1.932028e+05
5.627593e-01 2.084447e+05
8.437731e-01 8.880403e+04
4.284000e-01 1.022379e+05
3.558544e-02 3.969332e+04
3.499482e-02 1.385196e+03
6.514587e-02 7.430913e+04
2.252019e-01 1.486994e+05
2.044856e-02 5.769684e+04
9.376444e-02 1.398564e+03
1.387166e-01 1.599169e+05
3.909217e-01 1.141012e+05
2.048263e-02 1.052877e+04
6.632216e-01 1.733955e+05
6.150827e-01 2.992917e+04
4.126457e-02 1.758762e+05
2.690855e-01 1.529865e+05
1.853465e-02 2.247954e+05
2.770740e-01 3.223227e+05
6.991957e-01 4.083602e+04
9.073572e-02 2.099461e+05
4.722559e-01 2.142694e+04
1.543698e-01 1.285332e+05
5.856634e-01 2.726096e+04
5.545593e-01 1.148632e+05
6.483248e-02 2.200911e+05
7.133055e-01 1.170317e+05
1.086699e-01 4.113560e+04
8.644105e-01 1.487025e+05
2.572824e-01 1.012244e+05
1.290334e-01 4.195288e+04
3.064104e-02 1.494871e+05
8.867484e-01 6.452209e+03
9.447834e-02 8.176063e+04
2.198389e-01 2.264570e+05
1.720523e-01 1.352950e+05
1.845595e+00 3.795359e+04
1.874390e-01 3.581998e+04
1.388114e-01 5.511352e+04
1.127221e+00 1.190446e+04
5.905329e-01 1.073906e+05
7.131339e-01 1.724145e+05
4.552773e-02 1.910511e+05
4.156009e-01 1.627119e+05
2.065956e-02 4.511040e+04
3.990322e-01 2.979542e+04
1.284984e-01 1.020993e+05
9.196762e-02 1.452197e+05
6.273002e-01 1.049475e+04
3.036023e-01 8.509032e+04
9.925893e-01 3.077524e+03
6.171656e-01 1.208510e+05
1.176892e+00 6.397133e+04
3.881954e-02 1.028976e+05
1.064065e+00 2.528906e+04
1.083142e+00 1.765750e+05
1.176583e+00 5.412544e+04
1.534435e-01 1.047108e+04
1.779746e+00 1.245425e+05
7.108466e-02 7.682244e+03
1.018076e-01 1.063061e+05
1.107359e-01 5.489615e+04
1.594513e-01 6.451450e+04
7.181553e-01 1.260805e+05
1.416586e+00 8.894998e+04
1.294738e-01 1.892440e+04
4.523871e-02 1.433162e+05
2.582171e-01 6.052912e+04
1.435673e-01 9.767563e+04
2.445683e-01 2.185474e+02
8.364301e-01 1.458908e+05
1.577686e-01 9.455895e+04
2.343889e-01 1.909244e+04
9.525928e-01 1.527001e+05
1.455699e+00 3.994255e+04
3.447936e-01 1.233851e+04
5.503961e-01 3.929716e+04
6.260513e-02 1.914759e+04
3.457382e-01 1.490397e+05
6.346930e-01 6.710083e+03
8.283958e-01 1.902383e+03
5.612339e-01 9.116151e+04
1.851375e-01 1.733704e+05
3.866559e-01 2.365988e+04
3.767364e-01 3.765998e+03
6.525356e-01 4.934765e+05
8.295652e-01 3.629228e+04
6.294628e-01 1.566483e+05
1.943420e+00 3.371106e+03
4.278188e-01 2.274883e+05
1.362683e+00 2.827949e+04
3.330304e-01 2.268936e+04
4.388368e-02 2.735916e+04
9.241284e-03 8.326934e+04
3.943178e-01 6.841375e+04
5.787563e-01 1.410077e+05
2.068675e+00 1.054764e+05
7.979967e-02 1.841894e+05
6.332019e-01 4.094219e+04
1.006676e+00 1.698824e+04
1.532639e+00 2.297569e+04
6.776814e-01 1.666638e+05
5.655267e-01 8.562567e+04
1.523228e+00 6.859801e+04
2.453434e-01 1.594176e+05
1.088024e-01 3.329379e+04
3.156124e-02 2.561348e+05
8.398452e-01 3.737779e+04
7.730930e-01 3.170397e+05
6.830097e-01 1.280550e+04
9.268209e-01 1.056704e+05
2.429949e-01 1.456339e+05
1.143323e-01 2.489021e+04
1.674891e-01 1.133574e+04
4.815576e-01 4.808194e+04
8.151452e-01 4.437052e+04
4.607764e-02 4.585451e+04
3.919775e-01 2.793189e+05
2.903075e-02 1.832264e+05
2.642116e-02 1.979701e+05
1.882796e-01 2.075832e+05
7.908808e-01 2.205953e+05
5.219498e-01 4.925069e+04
2.719793e-01 1.048291e+05
2.843621e-01 3.531770e+04
7.249131e-01 5.315566e+04
4.432009e-01 8.806035e+04
3.251611e-01 2.535399e+04
4.451392e-01 2.894242e+03
4.520552e-01 6.115095e+04
2.723354e-02 9.975171e+04
3.644544e-03 8.716794e+04
4.255676e-01 2.880096e+03
1.771374e-01 7.732687e+04
2.477539e-01 1.286101e+03
7.001148e-01 8.692790e+03
5.788485e-02 1.498440e+04
5.716547e-02 1.023559e+04
5.315687e-01 1.411501e+04
2.332697e+00 1.252899e+05
1.409322e+00 2.619383e+05
8.460344e-01 1.111484e+05
4.397725e-01 1.776082e+05
2.948049e-01 1.523840e+04
8.360150e-02 7.119235e+04
4.476841e-01 3.263519e+05
4.583929e-01 3.068868e+04
6.268464e-01 2.102593e+05
4.509511e-01 7.186692e+04
8.001561e-02 9.978534e+03
1.410900e-01 1.619263e+05
1.266722e+00 1.693064e+05
4.248669e-01 1.021846e+04
8.602153e-01 9.380597e+03
9.118964e-02 2.558667e+04
6.528621e-01 1.640477e+05
7.001001e-01 2.512335e+04
3.457004e-01 4.890508e+04
4.395673e-01 7.529264e+03
5.508402e-01 1.256036e+05
4.854081e-02 1.285062e+05
1.379240e-01 5.900452e+04
2.047272e+00 1.253294e+05
4.227283e-01 2.293036e+05
2.313459e-01 7.351001e+03
8.923988e-01 5.778881e+04
3.193029e-01 2.184753e+05
5.855136e-01 2.117887e+05
1.224413e-01 2.197970e+05
3.642617e-01 2.975237e+04
6.470040e-01 4.048589e+04
1.164342e-01 1.167101e+03
3.282698e-01 4.815393e+04
7.981397e-01 2.395729e+05
1.255351e+00 1.692820e+05
3.215355e-02 1.434150e+05
2.263762e-01 8.637293e+04
1.776380e+00 3.331577e+04
7.437864e-01 8.412137e+04
5.125247e-01 7.604764e+03
2.399823e-01 1.156553e+04
1.384710e-01 8.386143e+04
3.194242e-01 7.580680e+04
4.740490e-01 2.844310e+03
4.726578e-01 1.504619e+03
4.499481e-01 7.743997e+04
3.276743e-01 2.867726e+04
1.058487e+00 1.704288e+05
5.602304e-01 1.122619e+05
1.963477e+00 1.793654e+03
2.829710e-01 2.353190e+05
3.833280e-01 1.075323e+05
8.293709e-01 2.613153e+05
1.481168e-01 3.182308e+04
1.627660e+00 5.025490e+04
2.262056e-02 1.250181e+04
2.613888e-01 6.972234e+04
1.432079e+00 2.318901e+05
8.414912e-02 2.366179e+05
3.684541e-01 1.317625e+04
5.375062e-02 2.932271e+04
2.694814e-01 2.116021e+04
3.409667e-01 6.545183e+04
1.947528e-01 6.786340e+04
1.332201e+00 4.776248e+03
2.853709e-01 8.214454e+04
6.705136e-02 1.359301e+05
3.343607e-01 3.313619e+04
6.017726e-02 2.049826e+04
6.022190e-01 2.507322e+05
5.475938e-01 7.359482e+04
5.820666e-01 9.993630e+03
1.114758e+00 4.689036e+03
3.912008e-01 6.124797e+04
6.868998e-02 3.643048e+04
1.271450e-01 4.127617e+04
1.120884e+00 5.613067e+02
2.530571e-01 9.470119e+03
5.456440e-01 1.895922e+04
7.823886e-01 1.552339e+05
9.585144e-02 1.845093e+05
1.211154e-01 4.557194e+04
1.281064e+00 9.413358e+04
1.673044e+00 9.107118e+04
2.393245e-01 5.553674e+04
3.438928e-01 1.337780e+04
3.302287e-01 1.369403e+05
5.665548e-01 2.070283e+04
5.714979e-03 2.285730e+05
1.228334e-01 1.743434e+04
1.712957e-01 1.652099e+05
3.600946e-01 1.353402e+05
9.652507e-02 1.175957e+05
2.373330e-01 2.202688e+05
1.908288e-02 1.131570e+05
2.416636e-01 4.381269e+04
5.463806e-02 5.171320e+04
3.085153e-01 2.887674e+04
1.653142e-01 1.493609e+05
4.240280e-01 1.942719e+04
3.311088e-01 1.030270e+05
2.387252e-01 1.143511e+05
9.234216e-01 1.312363e+05
6.626130e-01 1.394392e+05
3.708911e-02 9.355923e+04
1.380549e-01 5.667780e+04
9.820178e-01 9.692273e+04
2.569528e-01 3.942228e+04
5.417897e-01 8.054496e+04
6.002706e-01 2.439015e+04
3.434876e-01 4.786625e+04
2.560348e-01 3.459066e+04
4.242877e-01 1.283217e+05
1.209105e-01 6.692732e+04
1.228516e-02 1.156239e+05
1.811298e-01 8.330511e+04
3.128074e-01 5.679174e+04
6.661665e-01 4.922216e+03
3.826421e-01 1.652842e+05
5.307606e-02 7.474419e+04
5.036335e-01 8.216361e+04
4.606899e-02 1.676930e+05
7.457426e-01 2.761721e+04
7.419318e-01 9.950120e+04
9.995193e-01 2.120139e+04
4.374166e-02 7.237726e+04
7.382832e-02 3.563038e+04
2.926166e-01 1.681622e+04
8.408638e-01 1.042553e+05
4.596082e-02 1.782602e+05
6.446398e-01 1.183453e+05
3.686925e-01 1.962939e+05
3.952411e-01 1.923324e+03
1.543401e-01 2.162477e+04
8.829536e-01 2.609795e+05
7.741606e-01 2.872299e+05
7.087081e-01 3.635993e+03
5.557583e-02 9.607396e+04
6.107844e-01 2.873921e+04
9.528605e-02 8.944410e+03
2.453352e-02 1.108812e+05
9.893983e-01 2.171122e+05
6.789890e-01 9.412188e+03
1.036913e+00 1.511297e+05
5.338564e-01 1.781469e+05
3.526191e-01 2.060431e+04
2.755936e-01 3.075421e+05
1.318930e-01 1.322446e+05
1.471573e-01 1.893168e+04
3.635273e-01 1.397844e+04
1.700910e-01 4.588478e+04
1.350371e-02 7.935009e+03
1.246529e-01 2.000557e+05
3.914982e-01 1.332358e+05
1.119847e+00 9.876856e+04
1.887801e-01 3.624039e+05
1.329394e+00 1.063612e+04
8.288773e-02 3.819056e+04
2.415369e-01 1.118624e+05
1.148967e+00 1.656180e+04
1.870461e-01 1.160800e+05
2.064783e-02 2.263847e+05
3.952981e-01 3.398680e+05
1.916422e-02 2.963098e+05
1.380706e-01 3.945443e+04
5.178109e-01 2.260009e+04
5.800464e-02 1.336298e+05
3.992098e-02 1.341013e+05
3.371561e-01 1.525813e+05
1.255881e+00 1.717372e+04
3.627707e-01 2.833013e+04
2.214168e-01 3.042310e+05
5.175707e-01 4.002353e+04
1.672402e-01 7.351945e+04
6.481796e-01 5.742281e+04
6.392633e-01 5.831756e+03
4.093212e-01 1.397612e+05
1.117753e+00 5.766261e+04
1.616032e-01 1.654438e+05
1.100721e-02 5.786264e+03
4.408014e-02 4.465398e+03
2.915562e-01 1.801566e+05
5.751611e-01 1.628920e+05
3.610526e-01 7.577119e+04
2.265358e-01 4.055850e+04
8.839555e-01 2.981534e+04
8.887061e-01 1.395425e+05
7.971793e-01 5.993085e+04
2.979123e-01 3.060329e+05
1.161760e+00 3.405217e+04
7.335168e-01 6.868088e+04
2.748716e-01 2.442549e+05
5.048748e-01 4.808370e+04
4.889311e-01 5.150064e+04
2.251118e-01 1.031841e+05
1.813753e-01 2.662514e+05
3.902964e-01 1.259398e+04
6.568015e-01 4.539005e+04
9.040445e-01 1.192909e+05
8.295072e-01 1.090756e+05
3.986676e-01 1.264055e+05
4.442221e-01 1.001124e+05
7.976333e-01 2.874475e+05
4.858970e-02 3.585242e+04
2.982541e-01 1.637409e+05
1.535969e-01 8.011817e+04
2.671787e+00 2.389451e+05
9.289579e-01 1.182014e+04
1.083506e-01 3.997160e+05
2.021727e-01 5.521064e+04
2.085000e+00 1.316139e+04
9.719197e-01 4.635750e+05
1.081032e+00 2.278321e+05
7.306853e-01 6.957483e+04
2.116467e-01 1.212723e+05
1.995316e+00 2.957734e+04
3.262948e-01 3.205737e+04
2.315714e-01 3.565530e+04
5.318561e-01 5.872533e+04
5.517196e-01 3.614906e+03
8.864307e-01 1.842431e+05
6.662816e-01 4.733644e+05
5.279356e-01 1.095494e+05
3.684232e-01 2.104395e+05
3.326592e-02 2.227293e+05
7.050314e-01 1.700637e+05
1.176945e-01 2.700268e+05
1.613877e+00 9.043910e+04
2.477121e-01 9.089426e+04
6.888699e-02 3.828939e+04
5.651350e-02 1.946173e+05
1.326277e+00 1.564927e+05
1.174324e+00 2.659759e+04
8.161848e-01 3.623622e+05
3.122812e-01 1.379456e+05
3.241736e-02 3.307517e+05
4.845452e-01 1.711640e+04
1.742951e-01 4.129895e+04
1.212149e+00 1.707445e+05
2.596795e-01 9.043532e+03
4.372963e-02 1.468922e+05
2.392796e+00 2.181209e+05
1.566054e+00 8.697824e+04
9.076633e-02 3.443507e+05
5.056638e-01 5.890735e+04
6.374814e-01 1.648767e+05
6.386146e-01 2.977685e+04
6.105738e-01 4.017360e+03
5.133181e-01 1.196679e+03
3.020078e-01 8.754126e+04
4.280926e-01 8.145989e+03
3.032837e-01 1.019204e+05
