5.159913e-02 7.566279e+04
4.035171e-01 2.478096e+04
3.815112e-01 1.685216e+05
1.517584e+00 1.163672e+05
8.311151e-01 1.007595e+05
4.591565e-01 1.066478e+04
1.664138e-01 3.368282e+05
4.781919e-02 1.454630e+04
2.838455e-01 2.022034e+05
7.861368e-02 2.156985e+05
8.731907e-01 1.272210e+05
1.735844e-01 1.034742e+05
6.582902e-01 4.096928e+04
1.385806e-01 9.707811e+04
3.891826e-01 2.207560e+04
8.500278e-02 1.164107e+05
6.342651e-01 9.335889e+04
2.853819e-03 9.178242e+04
6.977686e-01 4.578154e+04
1.080793e+00 3.898384e+04
1.052529e-01 6.333244e+03
8.871884e-01 9.817145e+04
2.958786e-01 2.170521e+04
1.714542e-01 5.202582e+04
3.553248e-02 9.507468e+04
1.441202e+00 7.841608e+03
4.518953e-01 1.260341e+05
2.747084e-01 1.052509e+05
1.627062e-01 5.408335e+04
1.079175e-01 5.889277e+04
3.520827e-02 1.704288e+05
6.340834e-01 6.826638e+04
1.358543e-01 1.311663e+05
4.402994e-02 2.959047e+04
4.369505e-01 4.120213e+04
2.531709e+00 9.319301e+04
1.299367e+00 2.243109e+05
2.790432e-01 2.867364e+05
2.955528e-01 5.715262e+04
3.408381e-01 7.462540e+04
5.318086e-01 7.602149e+04
4.526344e-01 3.689343e+05
4.825045e-01 1.071633e+05
2.163107e-01 7.548760e+04
5.330522e-01 8.675873e+03
6.269259e-01 2.779335e+04
2.357707e-01 2.767474e+04
4.093890e-01 1.165542e+04
4.799977e-01 7.662649e+03
7.315624e-01 6.587234e+04
5.066173e-01 2.991963e+05
2.989162e-01 6.360754e+04
1.891531e+00 5.081605e+04
2.313372e-01 2.970126e+04
4.199368e-02 1.207847e+05
1.706287e-01 6.083804e+04
1.279484e+00 2.396445e+04
4.956755e-01 2.672623e+05
1.126207e+00 1.879039e+04
7.107602e-02 1.907414e+03
2.224361e-01 1.000077e+04
6.962574e-01 1.490909e+05
6.120735e-01 1.365413e+05
2.103460e-01 2.026726e+05
7.801494e-01 2.739986e+04
2.734969e-02 6.392890e+04
5.373240e-01 2.083945e+04
7.549024e-02 1.969974e+04
3.947781e-01 7.108714e+02
9.680320e-02 1.251826e+05
1.476519e-01 5.356915e+04
3.289988e-01 1.211000e+05
6.293714e-01 6.713167e+04
4.071543e-01 9.692569e+04
7.801440e-01 8.762267e+03
2.598198e-01 3.036809e+04
1.559667e-01 1.369452e+05
6.651367e-02 4.019944e+04
2.025201e+00 5.425586e+04
4.870645e-01 9.465674e+04
4.021630e-01 3.199689e+04
8.829809e-01 3.096575e+03
2.684567e-01 1.613581e+05
5.483097e-01 8.081057e+04
7.010795e-01 1.829173e+05
3.305489e-02 3.475019e+04
2.801779e-01 8.636886e+04
1.278870e-01 1.735103e+05
4.457582e-01 3.601530e+04
3.681623e-01 1.449171e+04
1.134655e-01 1.754706e+04
1.400907e-01 6.734466e+03
1.718498e-01 2.495053e+05
5.490616e-01 2.031299e+04
5.553236e-01 1.793010e+05
1.717566e+00 2.017672e+05
1.546649e-01 7.503938e+03
8.497262e-02 9.111694e+05
1.860691e-01 5.165645e+04
1.660653e-01 4.601436e+04
5.084674e-02 1.995331e+04
1.527197e-01 7.586783e+04
6.449677e-01 2.903600e+03
1.232603e-01 3.178492e+04
2.129522e-01 2.972120e+03
9.081731e-01 9.765731e+04
1.364691e-01 4.204925e+04
6.555611e-01 6.184089e+04
2.484833e+00 1.910861e+05
4.519055e-02 9.710976e+04
4.741733e-01 6.521745e+04
5.845654e-01 5.955735e+04
6.235070e-02 1.311219e+04
2.725816e+00 8.771732e+04
1.206667e+00 1.304195e+04
5.482273e-01 3.979282e+04
2.097847e-01 1.757180e+05
3.814050e-01 3.505855e+04
1.418450e-01 9.503630e+04
2.579559e-01 3.503685e+04
4.794731e-01 5.931954e+04
8.468723e-01 1.946022e+05
2.739384e-01 3.887032e+05
1.186127e-01 1.755509e+05
4.689510e-01 4.107818e+05
6.453664e-01 1.604125e+05
9.373767e-02 1.622502e+05
1.967787e-02 1.107712e+04
4.298878e-02 4.798341e+04
1.975035e-01 5.888224e+04
3.317780e-01 2.780831e+04
1.753116e-01 4.781590e+04
1.049773e+00 1.550673e+05
3.504600e-01 2.120964e+04
1.242086e+00 3.665876e+03
1.816242e-04 1.868269e+05
3.621687e-02 2.865545e+04
7.195045e-01 5.980381e+04
1.497062e+00 1.974754e+05
1.994243e+00 2.540389e+05
6.050631e-01 4.396377e+04
3.919782e-01 8.313186e+04
2.053808e-01 8.137816e+04
3.469719e-02 1.941997e+05
9.586414e-01 1.059214e+05
6.950629e-01 7.521552e+04
4.558582e-01 1.746868e+04
1.218077e-01 9.500198e+03
3.189072e-03 4.196220e+04
3.911815e-01 5.550591e+04
8.828202e-01 1.866130e+05
4.871293e-01 9.631339e+03
7.350656e-01 8.060732e+03
1.376400e-02 1.558336e+05
1.485957e-02 1.990713e+04
3.476725e-02 2.046487e+05
1.116470e+00 6.591699e+04
2.814870e-01 5.830383e+04
1.629870e+00 5.264519e+04
5.038403e-01 6.973049e+03
3.190018e-01 1.819163e+03
5.123093e-01 5.214199e+03
5.205487e-01 2.862543e+04
8.711368e-01 1.499776e+05
1.364696e-01 1.152280e+04
9.502634e-02 6.901296e+04
3.166692e-01 1.195083e+05
1.060694e+00 5.597544e+04
5.190923e-01 9.413279e+04
6.314583e-01 2.530061e+04
1.950609e-01 1.321474e+04
3.465142e-01 4.334093e+04
5.904712e-01 3.246874e+05
1.212078e-01 2.730184e+05
1.098756e+00 2.237218e+04
1.239347e-01 6.834762e+04
1.861540e-01 1.389922e+04
2.093760e-02 1.654872e+04
2.055450e-01 5.269512e+05
9.575844e-01 9.427477e+04
2.573181e-02 3.402966e+04
4.053420e-01 3.717384e+05
8.166881e-01 2.017529e+05
6.939696e-01 2.338935e+04
3.323701e-01 1.068735e+05
1.428131e+00 4.320065e+04
1.662888e+00 2.466568e+04
9.165794e-01 5.504156e+04
3.410849e-01 1.344186e+05
5.994064e-01 2.743401e+04
4.182371e-01 1.072858e+04
5.558534e-01 3.668969e+05
2.024655e+00 4.495824e+04
3.499636e-01 2.365389e+04
3.831963e-01 1.232679e+05
2.014193e-01 6.586954e+04
3.589453e-02 6.767475e+04
5.964794e-01 1.384374e+05
1.816015e-01 1.797972e+03
1.611330e-01 6.103118e+04
7.751543e-02 2.824153e+04
4.387988e-01 8.096365e+04
8.119640e-02 2.452471e+05
2.425637e-01 1.676011e+04
1.378459e+00 1.415949e+05
8.597658e-01 4.007817e+04
4.167503e-01 3.079541e+05
6.455984e-01 4.244021e+04
5.266342e-01 5.974568e+04
1.320536e+00 1.067814e+04
9.551259e-01 1.156018e+05
1.175904e+00 4.765771e+04
5.557869e-01 1.089485e+05
3.532144e-02 4.927012e+04
6.969803e-01 4.733584e+04
6.112274e-01 1.540937e+04
1.400645e-01 2.122754e+04
1.850585e-02 1.589244e+05
7.541482e-02 3.161755e+05
2.736084e-01 6.893011e+04
6.321187e-01 6.379510e+04
6.438834e-01 5.508708e+04
1.890406e-01 1.281382e+05
1.153861e+00 2.946507e+04
1.366740e+00 1.807923e+04
4.015669e-01 7.371793e+04
5.248921e-01 6.998722e+04
7.590227e-01 2.221523e+05
3.355262e-01 1.488554e+05
4.510672e-01 4.661466e+05
5.397304e-01 2.307082e+05
5.098209e-01 3.396049e+05
4.570061e-01 1.988233e+04
5.231369e-01 3.237158e+04
1.033504e-01 1.626087e+05
1.615448e-01 1.082590e+05
9.616380e-02 1.082225e+05
9.635178e-02 6.062662e+03
2.413720e-01 1.800041e+04
1.113324e+00 7.628461e+04
5.046033e-01 4.178820e+04
7.786368e-01 4.636499e+04
5.236568e-03 2.992540e+05
4.028008e-01 1.496725e+05
5.268728e-01 1.657632e+05
5.640124e-02 1.568821e+02
1.527362e+00 2.009420e+05
3.080169e-01 9.093566e+04
7.382842e-02 2.268626e+04
2.387956e-01 3.633425e+04
1.845296e-01 4.005109e+04
1.961808e-01 3.072375e+04
2.017911e-01 7.442937e+04
7.974197e-01 1.874857e+04
1.261453e+00 3.500588e+03
1.399717e-01 3.226530e+05
8.657791e-01 1.665649e+05
1.676635e-03 5.326522e+04
7.415902e-01 1.335413e+05
3.513757e-01 4.588498e+04
1.213951e-01 6.708365e+04
5.975584e-02 1.120699e+05
8.786613e-02 1.580369e+04
1.178006e+00 1.238231e+05
1.413648e-01 1.478547e+04
1.112769e-01 6.628668e+04
8.796039e-02 1.181930e+04
2.930298e-01 1.197025e+05
1.599672e+00 6.013757e+04
5.012749e-01 3.634715e+04
1.494241e+00 2.179296e+04
1.679134e+00 1.315310e+05
2.223251e-02 1.677765e+05
4.442078e-01 2.522060e+03
1.412533e+00 1.810194e+05
2.542357e-01 3.053130e+04
4.228622e-01 7.054586e+04
1.242928e-01 3.342511e+05
4.012116e-01 1.280930e+05
5.769564e-02 3.727887e+04
6.817030e-01 1.312810e+04
5.572302e-01 1.631905e+04
5.049284e-01 1.931397e+04
7.993608e-01 3.499341e+04
5.016334e-01 1.646072e+05
7.171554e-01 1.953918e+05
5.897083e-02 1.073053e+05
4.446475e-01 2.682751e+03
2.216029e-01 1.102459e+03
3.802126e-01 3.964090e+05
3.005031e-01 1.401845e+05
3.107887e+00 1.378088e+05
4.361736e-02 7.162043e+04
2.280779e-01 9.422725e+04
1.326044e-01 9.087295e+04
5.856272e-01 2.484083e+05
1.606229e-02 3.698879e+04
1.075980e-01 3.693653e+04
3.043297e+00 8.385073e+04
1.586850e+00 2.433165e+04
2.999574e-01 8.490581e+03
3.118874e-01 2.699079e+05
3.824991e-02 2.102939e+04
1.920836e-01 2.975609e+04
7.065013e-01 3.485471e+05
1.281670e-01 9.365773e+04
8.063858e-01 1.050937e+05
2.873334e-01 9.905757e+04
2.327333e-02 1.015453e+05
1.027680e+00 2.012112e+04
6.512513e-02 3.545695e+03
1.131042e-01 2.268955e+05
1.591159e-01 2.323229e+05
1.546235e-01 8.962580e+04
9.449010e-01 2.423744e+05
3.724881e-01 7.838204e+04
1.068262e-01 3.088843e+05
3.204703e-01 3.070087e+05
3.817478e-01 6.814977e+03
2.257788e-01 1.525788e+05
4.355016e-01 4.104781e+03
6.965685e-01 1.163731e+05
1.604239e+00 2.432640e+05
3.985452e-01 4.499574e+04
1.088744e-01 1.122699e+05
4.688454e-01 4.728928e+04
5.746340e-01 7.749558e+04
4.771480e-01 4.806033e+04
8.533108e-01 2.605550e+04
1.094443e-03 2.113618e+05
1.492072e+00 5.218872e+04
4.940208e-02 1.304524e+05
5.833348e-01 4.684729e+04
7.046520e-02 9.013375e+04
1.798529e-01 5.022554e+04
6.089168e-01 7.420321e+04
8.657430e-01 1.726952e+05
1.782400e-01 1.818753e+04
1.281125e+00 4.963703e+04
8.473205e-01 1.426169e+04
4.483335e-01 2.306997e+05
2.877201e-01 1.076671e+05
3.475250e-02 7.932620e+03
1.143492e+00 4.222643e+04
8.845791e-02 8.909435e+04
8.431559e-01 2.435214e+05
1.241573e-01 2.462253e+04
3.830167e-01 1.678591e+03
6.522293e-02 1.099709e+05
2.414558e-01 1.312339e+04
2.204987e-01 5.690999e+04
3.627233e-01 3.566734e+04
5.522089e-01 2.206756e+04
7.290335e-01 3.326431e+03
3.785724e-02 1.107349e+05
1.150465e+00 5.382268e+03
1.142445e-01 1.953898e+05
6.918875e-01 7.991184e+03
9.227733e-02 3.290537e+05
2.956740e-01 5.092917e+04
4.191501e-01 2.626696e+04
6.306285e-01 1.017237e+05
2.754573e-01 2.056748e+04
1.418831e-01 5.171858e+05
1.066367e-01 6.701318e+04
5.847682e-01 1.061307e+03
8.108009e-02 8.341139e+04
7.518188e-01 9.351302e+04
2.521163e-01 8.688440e+04
5.381334e-01 2.277734e+05
1.605902e+00 1.075932e+05
1.382353e+00 8.850313e+04
1.842375e+00 1.033433e+05
1.042346e+00 3.287216e+04
8.781972e-01 6.911357e+04
1.989286e-01 4.611981e+04
1.324660e+00 1.446957e+05
2.696524e-01 1.238693e+05
7.332543e-01 1.064127e+05
2.470842e-01 1.980705e+05
7.672779e-01 5.352279e+04
5.198470e-01 3.076423e+05
9.331481e-01 8.432186e+04
1.394594e+00 2.275607e+05
4.006454e-01 1.458238e+05
2.550455e-02 2.041423e+05
1.187409e-01 1.125562e+05
9.104355e-02 4.071077e+04
3.161365e-01 4.944434e+04
1.153721e+00 1.046521e+05
9.492836e-01 5.802929e+04
6.316234e-01 4.430178e+03
5.664512e-01 1.147500e+05
3.956913e-03 1.652998e+05
8.121730e-01 2.162102e+04
9.551727e-02 7.062733e+04
7.732895e-02 4.225079e+04
3.522073e-02 1.784013e+04
1.467269e-01 7.707130e+04
5.965151e-01 1.339418e+05
5.553443e-01 1.770841e+05
6.906052e-01 1.279310e+05
2.312135e-01 2.311744e+05
6.102315e-01 2.697997e+04
6.862945e-01 4.994884e+04
2.462520e-01 1.658221e+05
2.373041e-01 5.536377e+04
1.233457e-01 9.012729e+04
8.556291e-02 5.215549e+04
2.303993e-01 1.913607e+05
1.718201e+00 4.513889e+04
5.838122e-02 1.713697e+05
3.269845e-01 1.005906e+04
2.362670e-01 3.661313e+04
6.150015e-01 4.198782e+05
6.896747e-01 1.696149e+04
6.102110e-01 4.444568e+04
9.932131e-01 1.697935e+04
6.895815e-01 1.066178e+03
8.400167e-01 7.045918e+03
5.089153e-01 2.377504e+05
2.820924e-01 3.839822e+04
1.454173e+00 5.351280e+04
5.197811e-01 7.165631e+04
2.061272e-02 4.458205e+04
2.393754e-01 1.374112e+05
2.467521e-01 1.070529e+05
1.438059e-01 1.558622e+05
4.688027e-02 5.201858e+04
1.129301e+00 8.375045e+04
6.866937e-01 2.188759e+04
4.399906e-01 1.820312e+04
1.204205e-01 2.170070e+04
5.364648e-01 2.682749e+05
5.359384e-01 1.080877e+05
1.936245e-01 2.517708e+04
1.993883e-01 2.482053e+02
3.112539e-02 3.842275e+04
7.087340e-01 5.339822e+04
1.966040e-01 1.529743e+05
1.473460e+00 1.970365e+05
2.306623e-01 2.297058e+05
5.727902e-01 6.835123e+04
2.501852e-01 3.269191e+04
2.168532e-01 9.878930e+04
1.186875e+00 2.644858e+04
2.112873e-02 3.550847e+04
5.897863e-01 2.513899e+05
5.354149e-01 1.953534e+05
8.061101e-01 5.224793e+04
4.331874e-01 1.484574e+04
1.588354e-02 3.706599e+04
7.968375e-01 1.080966e+05
1.870733e-01 1.362017e+05
1.085946e-01 1.691091e+04
2.147608e-01 2.604828e+04
1.570973e+00 1.315527e+05
6.674534e-01 1.480602e+05
6.811780e-01 7.391276e+04
3.239805e-01 4.652180e+03
3.028257e-01 7.505598e+04
5.098496e-01 1.448477e+05
1.803821e-01 2.543492e+04
8.634714e-02 2.091150e+05
2.490401e-01 3.810839e+04
2.051160e-01 9.891595e+04
3.750803e-01 2.396996e+04
4.896165e-02 1.382972e+05
1.145843e-01 2.366627e+05
6.039309e-01 3.164228e+03
1.058310e-01 9.486240e+04
1.961544e-01 3.482028e+04
4.428274e-01 1.048470e+05
9.188106e-02 6.986618e+04
4.615658e-02 2.219859e+04
3.514133e-01 1.652348e+05
2.579354e-02 1.217783e+04
2.275677e-01 3.456375e+05
7.429148e-01 3.817467e+04
3.354174e-01 2.100875e+05
5.932682e-02 2.230474e+04
8.348999e-01 1.272196e+04
5.724579e-01 1.384260e+04
1.499347e+00 8.603133e+03
1.607613e-01 1.304691e+04
4.742044e-02 3.980434e+03
9.913045e-01 2.310727e+05
5.052996e-02 6.800520e+04
1.592066e-02 3.438979e+04
1.495111e+00 9.531191e+04
4.212354e-01 7.740484e+04
2.943226e-01 4.735982e+05
3.181833e-01 6.731920e+04
2.274817e-01 2.389875e+05
1.463663e+00 3.913649e+04
4.856822e-01 6.694723e+04
4.835124e-01 9.136129e+04
7.497780e-02 2.028978e+04
3.022368e-01 1.131971e+05
2.078132e-01 2.037580e+05
5.392838e-01 1.370432e+05
6.334412e-01 8.258858e+04
2.040529e-01 2.633129e+05
2.336710e+00 3.807996e+04
5.514008e-01 1.595291e+04
1.783313e-01 7.824664e+04
9.444074e-01 3.917254e+04
6.200890e-02 2.083041e+05
3.240539e+00 2.315805e+05
4.066002e-01 1.959359e+05
2.030897e-01 6.884792e+04
1.981232e-03 3.088920e+03
4.216145e-01 1.137907e+04
5.446826e-02 1.275268e+05
5.550711e-01 1.663212e+05
2.458767e-01 3.407503e+03
3.465443e-01 2.937901e+04
8.099862e-02 2.267591e+05
9.188269e-02 2.269449e+05
4.946842e-02 1.486838e+05
5.495163e-02 2.845062e+05
1.795922e-01 6.516704e+04
1.852537e-01 5.085029e+04
1.166047e+00 2.242359e+04
5.455925e-01 2.502138e+05
1.658966e-01 1.064898e+04
4.745389e-01 3.659674e+04
1.753735e+00 1.935455e+05
6.529197e-01 6.685946e+04
1.017209e-01 1.978864e+05
6.174851e-01 6.926469e+04
3.701095e-01 1.006601e+05
7.922563e-02 8.561246e+04
4.173241e-01 1.160477e+05
1.771384e-01 2.125375e+03
1.329080e-01 2.828953e+04
3.986986e-01 4.347535e+04
1.902746e-01 2.524832e+05
7.276164e-01 7.383492e+04
7.806406e-01 1.957040e+05
6.274519e-01 3.269083e+04
2.410567e-01 1.318899e+05
7.096797e-01 1.084622e+05
6.716339e-02 6.549948e+03
1.263642e+00 3.576644e+05
6.454270e-02 7.731988e+04
1.939841e-01 2.817150e+05
1.631018e-01 3.662951e+04
6.621583e-01 9.959534e+04
1.361823e-01 2.123832e+05
3.878945e-01 7.465171e+03
1.683864e+00 5.508667e+03
3.322564e-01 4.569817e+04
1.052380e+00 1.549128e+05
1.328172e-01 1.723312e+05
1.374008e-03 8.982325e+04
1.198511e+00 4.027907e+04
2.910832e-01 7.632976e+04
2.279886e+00 4.984811e+04
1.763265e-01 1.657588e+04
7.160121e-02 2.308859e+04
3.265375e-01 3.028853e+04
1.750099e-01 8.326741e+04
5.025702e-01 2.325739e+04
5.399735e-01 1.564822e+05
3.805329e-01 1.280829e+04
1.462408e-01 7.722843e+04
4.371711e-01 2.555085e+05
4.086459e-01 2.444189e+05
4.317454e-02 5.414267e+04
1.357700e-02 4.874814e+03
9.891772e-01 2.291811e+05
1.016977e-01 1.519102e+05
1.328139e+00 2.530007e+04
1.146189e-01 1.732335e+05
6.574047e-01 2.659923e+04
3.872254e-02 1.445470e+05
5.942754e-01 2.662446e+05
1.022835e+00 1.836739e+05
7.094229e-01 5.298721e+04
5.240208e-01 3.181596e+05
6.526039e-01 1.185138e+05
1.769394e-01 2.913061e+05
7.785537e-02 4.519753e+04
5.486853e-01 7.242739e+04
6.648183e-01 5.735999e+04
3.116158e-01 1.274657e+04
7.874202e-01 1.972442e+05
1.545256e-01 1.620496e+05
3.000328e+00 1.892438e+05
1.579202e+00 1.243736e+05
5.547708e-01 7.209944e+04
