1.519691e-01 7.963838e+04
1.377422e+00 3.203264e+04
5.761927e-01 5.545756e+04
5.496748e-01 2.748577e+02
3.815295e-01 4.030852e+04
6.120041e-02 5.372310e+04
4.833769e-01 9.630743e+04
2.456463e-01 3.997041e+04
8.041524e-01 4.812491e+04
1.462913e-01 1.617020e+05
3.126978e-01 1.720332e+05
1.960069e-01 3.917339e+04
1.977378e-01 1.538392e+03
1.361707e+00 7.562614e+04
2.341452e+00 4.751160e+04
1.970591e+00 4.987448e+04
9.732429e-01 1.160754e+05
1.150381e-01 2.874060e+05
1.250274e-01 1.246972e+05
7.197707e-02 1.739231e+05
3.663475e-01 7.194599e+04
3.437355e-02 1.578324e+05
2.884461e-01 1.001002e+05
1.213213e-01 1.482975e+05
3.442201e-01 4.133082e+04
6.450770e-02 2.100626e+05
4.716553e-01 7.871788e+03
5.734471e-02 2.853915e+05
1.022260e-01 1.413017e+05
1.461557e+00 2.585718e+04
9.539757e-01 1.570736e+04
6.815102e-01 5.887906e+04
9.191133e-01 1.768399e+03
1.051445e+00 8.423592e+04
1.388313e-01 9.190311e+04
5.134241e-02 2.249638e+04
9.654207e-01 7.182208e+04
6.073458e-01 4.001121e+04
2.986613e-01 1.177094e+05
2.364931e+00 2.428127e+05
4.200075e-01 8.099606e+03
3.925100e-02 2.813272e+04
7.587792e-01 3.151037e+04
5.071101e-02 1.411389e+05
1.235611e-01 1.346473e+05
4.402630e-01 3.699778e+04
1.041002e+00 2.140971e+05
7.974706e-02 3.544042e+04
1.166853e+00 7.253971e+04
3.256882e-01 8.287747e+04
5.935041e-01 1.092918e+05
1.059952e+00 2.060586e+05
6.680154e-02 5.745579e+04
7.665046e-03 2.001606e+04
1.530307e+00 1.629023e+05
7.709916e-01 4.343687e+04
9.071871e-01 1.126020e+03
5.192455e-01 4.589378e+04
3.582965e-01 3.552868e+04
2.461956e-01 2.080252e+04
4.984015e-01 3.858627e+04
1.170334e+00 3.856240e+04
2.887682e-01 2.268271e+05
2.308241e-01 1.079315e+05
7.854935e-02 1.113623e+05
3.759930e-01 1.938330e+05
9.414430e-02 4.173718e+04
8.835351e-02 3.333312e+04
4.538618e-01 2.456201e+04
8.631203e-02 1.441908e+05
1.723787e+00 6.127841e+05
1.134974e-01 2.646541e+04
1.453049e-01 2.942136e+04
2.727994e-03 1.124612e+05
2.258933e-01 3.215327e+05
2.639339e-01 3.857220e+04
5.459584e-02 1.001765e+05
4.553757e-02 1.473474e+04
2.061932e-01 1.027612e+05
1.450034e+00 1.462191e+04
8.151672e-02 6.926614e+03
4.871095e-01 7.994154e+04
3.093140e-01 4.746725e+04
6.934606e-01 1.353330e+05
3.024748e-01 6.947067e+04
6.489125e-01 1.796528e+03
2.394528e-02 6.156364e+04
2.515137e-01 1.743659e+04
6.568379e-01 1.128024e+05
1.005841e+00 7.131793e+04
1.732797e-01 8.921680e+03
1.596546e-01 4.671933e+04
6.561246e-01 2.861930e+04
3.845774e-01 2.771558e+04
2.544265e-02 2.084464e+04
3.460661e-01 3.641816e+05
5.098038e-01 7.339159e+04
1.511107e-01 2.902524e+05
7.732912e-01 5.744276e+03
2.853247e-01 2.798367e+05
6.823344e-02 9.076006e+03
4.333907e-02 1.107466e+05
2.732925e-01 7.018762e+04
2.565689e-02 8.725551e+03
1.206787e+00 4.112318e+04
2.881260e-01 7.059722e+03
2.585083e-02 1.222584e+05
1.483110e+00 1.747277e+04
5.653931e-01 2.829925e+05
1.317515e+00 8.103107e+04
7.745170e-01 2.061425e+04
8.791172e-01 1.058178e+05
8.321550e-01 7.285963e+04
1.396140e-01 2.162256e+03
5.345724e-01 4.014283e+04
1.331664e-01 2.219596e+04
1.493054e+00 1.749586e+05
9.648994e-01 4.078789e+04
5.952649e-02 4.947689e+04
8.822318e-03 1.195149e+05
1.020787e+00 5.011621e+04
2.269579e-01 3.826043e+04
4.175755e-02 1.045225e+05
3.077246e-01 9.654130e+04
3.311332e-02 2.338184e+05
1.509638e-01 4.094512e+05
4.762797e-01 5.207433e+04
2.296772e-01 4.236103e+05
1.155326e+00 1.048255e+05
4.519873e-01 2.494727e+05
1.920987e-01 6.232341e+04
8.770934e-01 1.627321e+05
4.101063e-01 1.420540e+05
1.477311e-01 4.074024e+04
1.233761e-02 1.615635e+05
1.119244e+00 1.314795e+05
2.106555e-01 6.646624e+04
9.699443e-02 2.802732e+04
2.027893e-01 4.025963e+03
1.066672e+00 1.962710e+05
4.192517e-01 5.344467e+03
3.986228e-01 1.249805e+05
3.643275e-01 6.728831e+04
6.737766e-01 7.214191e+04
2.832217e-03 1.074474e+04
5.744571e-01 1.030610e+05
3.961501e-01 2.984224e+04
5.823521e-02 9.712963e+04
1.556194e-02 1.049630e+05
7.130988e-01 6.920358e+04
3.524230e-01 2.685095e+04
2.143857e-01 1.272999e+04
9.417658e-03 1.394773e+04
3.852161e-01 3.426037e+04
1.732525e-01 8.047847e+04
1.010067e+00 3.140517e+05
3.665001e-01 3.692977e+03
3.520543e-01 1.591822e+04
9.160344e-01 1.871890e+05
1.030772e-01 2.374654e+05
3.051627e-01 2.997052e+04
2.335558e+00 1.211395e+04
9.013599e-02 1.135642e+04
5.503896e-01 3.479366e+04
2.378436e+00 3.754503e+04
4.481457e-01 5.373199e+04
1.350791e-01 2.041816e+04
6.116910e-02 5.679585e+04
5.788492e-01 1.225714e+04
7.267126e-01 1.353926e+05
6.602056e-01 2.723974e+05
3.535377e-01 5.085858e+03
8.092636e-01 2.216644e+05
1.711590e-01 6.578997e+04
5.314167e-01 3.462947e+04
1.237984e-01 1.555858e+04
3.255974e-01 2.598941e+05
3.204530e-01 2.023661e+05
4.982378e-01 1.495118e+05
2.238809e-01 1.387554e+05
8.037984e-02 1.348935e+03
4.466279e-01 1.513991e+05
6.658275e-02 1.025924e+05
5.880051e-01 3.474853e+04
7.882810e-02 2.547361e+04
2.278339e-01 1.045806e+05
2.210552e-01 4.975988e+04
4.760919e-01 2.840062e+04
8.206778e-02 1.358714e+05
1.905820e-01 1.026008e+05
5.265393e-01 9.764827e+04
1.398851e-01 1.365975e+04
8.343745e-02 1.738537e+05
3.434299e-01 1.883934e+04
2.029003e-02 1.318856e+05
4.752543e-02 6.117088e+03
4.383114e-01 5.911287e+04
1.714653e-01 3.228743e+05
1.188718e+00 2.484976e+05
4.130257e-01 7.153248e+04
1.699006e-01 2.135268e+04
1.501898e-01 9.725800e+04
2.934914e-01 4.534050e+05
5.621152e-02 2.702398e+04
8.773355e-02 4.154675e+04
1.462420e-01 9.303111e+04
1.094967e-01 2.450088e+05
1.609698e+00 1.223588e+05
2.181793e-01 2.294891e+04
1.083580e-01 9.185259e+04
7.306263e-01 1.192204e+05
2.081233e-02 2.578230e+05
1.607754e-01 1.275196e+04
7.347077e-02 6.006634e+05
5.233834e-02 2.330846e+04
3.285261e-01 1.517633e+05
3.636339e-02 3.401030e+05
9.862519e-02 3.646331e+04
8.917092e-02 1.769197e+05
6.406544e-01 1.624116e+05
3.357329e-01 1.070910e+05
4.264172e-02 2.988460e+04
1.912549e-02 3.910315e+04
1.499182e-01 8.741670e+04
1.479041e-01 1.070478e+05
2.940765e-02 7.729349e+04
4.519756e-01 2.093103e+05
4.054047e-01 4.144464e+05
6.032684e-01 1.812141e+05
1.539031e+00 1.758936e+05
5.093014e-02 7.804091e+04
3.213501e-01 1.588086e+04
8.512425e-01 1.345672e+05
5.605719e-01 4.331064e+05
7.781384e-02 1.487655e+05
3.981724e-01 7.210596e+04
3.821098e-01 4.513171e+04
1.851532e-01 7.409511e+04
1.064708e+00 5.399643e+04
1.843596e-02 1.090168e+05
6.595079e-02 4.680102e+04
1.487370e+00 9.035567e+04
5.274027e-01 8.034529e+04
4.206026e-01 1.559822e+04
3.112775e-01 7.473260e+02
5.298611e-01 1.113801e+05
9.158087e-02 7.281263e+04
4.661874e-01 2.484212e+04
1.302807e+00 2.144190e+05
2.618429e-01 1.725402e+05
1.566591e-01 1.526915e+04
4.388649e-01 4.310254e+03
2.915211e-01 8.611687e+03
6.152779e-01 2.527344e+05
1.166553e+00 1.359302e+05
1.864165e+00 2.333436e+04
1.363724e+00 1.363552e+05
4.032893e-01 6.053988e+04
3.858071e-02 1.342489e+05
9.668801e-01 1.271369e+04
1.902785e-02 1.310333e+05
1.337137e+00 1.922839e+05
2.883643e-01 2.398724e+03
1.459056e+00 4.720587e+04
7.443615e-02 3.293623e+05
1.099318e+00 1.089676e+05
2.391883e-01 3.720271e+03
4.684653e-02 6.140554e+04
9.025947e-01 5.469418e+03
1.189081e+00 2.318012e+05
2.963576e-01 6.086692e+03
6.503271e-02 2.052992e+04
3.206832e-01 3.827904e+03
1.230313e-01 6.825478e+04
1.483986e+00 6.055321e+04
1.152025e+00 2.709285e+04
7.744272e-02 8.000184e+04
1.233393e-01 8.089549e+04
2.316669e-01 1.370552e+05
1.716980e-01 5.599483e+03
4.280607e-03 8.921494e+03
4.805526e-01 7.836729e+04
1.630821e+00 3.901737e+05
8.507256e-01 1.153378e+05
4.308065e-01 1.251967e+05
2.539785e-01 2.132616e+04
6.803356e-02 1.801954e+05
2.642625e-01 2.080533e+05
1.039515e-01 1.178782e+04
1.103099e+00 5.151526e+04
8.402240e-01 1.420895e+04
3.840378e-02 1.067699e+05
6.634893e-01 1.048797e+05
2.245086e+00 6.778119e+04
2.162479e-01 3.211948e+05
1.863662e-01 2.366336e+05
3.582044e-01 9.991627e+04
1.404363e-01 1.727921e+05
3.187530e-01 4.605247e+04
2.049199e-01 1.460001e+05
3.607500e-01 2.869181e+05
3.187076e-01 4.495972e+04
1.674908e+00 2.571170e+04
1.515687e-01 2.621797e+05
1.929813e-02 4.599247e+04
9.885511e-01 1.915181e+05
4.296387e-01 3.453283e+05
2.348275e-03 1.822436e+04
1.149657e-01 4.152693e+04
7.947729e-01 7.679702e+04
1.551414e-01 3.830077e+05
9.326291e-01 9.976736e+04
2.588328e-01 2.938382e+04
6.418704e-02 5.766035e+03
2.007442e-01 8.569568e+04
1.226393e-01 1.429867e+04
5.479996e-01 3.616438e+05
4.584062e-01 9.033066e+04
2.180019e-01 1.960424e+04
1.442617e+00 1.357675e+05
4.367760e-01 5.192150e+04
2.426072e-01 1.443054e+05
1.686258e-01 2.732136e+04
3.165691e-01 9.396959e+04
1.342710e+00 5.273388e+04
8.457410e-02 2.292724e+05
4.992427e-01 2.189995e+04
1.405440e-01 2.289967e+04
3.624279e-01 9.097428e+04
3.911128e-01 6.729930e+04
2.983968e-01 3.647034e+04
5.156937e-02 7.605953e+04
8.672059e-01 5.068735e+04
7.889545e-01 1.261549e+05
4.408984e-01 1.937369e+05
3.862835e-01 2.238174e+05
6.279037e-01 3.361207e+04
7.678278e-02 1.844019e+05
3.965377e-01 4.748034e+04
8.672576e-02 1.186098e+04
1.009306e+00 5.178448e+04
9.114710e-01 1.592842e+04
6.276204e-02 8.018158e+04
1.906988e-02 2.395571e+05
1.952864e-02 3.941486e+04
7.148877e-01 1.930494e+05
7.754762e-01 7.471294e+04
5.323453e-01 2.232137e+04
2.936304e-01 1.471761e+05
2.496596e-01 1.026792e+05
2.749096e-03 9.947129e+04
3.714003e-01 2.512684e+04
1.146653e-01 2.590876e+04
1.536996e-01 2.621686e+05
2.221592e-01 3.139244e+05
2.999693e-01 5.396839e+04
1.007033e-01 6.441918e+03
4.982061e-01 1.116075e+04
8.845837e-01 1.525591e+05
6.456288e-02 6.724865e+04
2.792669e-01 2.221834e+05
6.021665e-01 4.217176e+03
3.095422e-01 1.316593e+04
1.011772e-01 8.266772e+04
9.723123e-02 3.054936e+04
6.432677e-02 9.827804e+03
1.855171e-01 1.725161e+04
2.201815e+00 4.232930e+04
3.320271e-01 1.083152e+04
2.369123e-01 4.160777e+04
3.896387e-01 3.536498e+04
1.201990e-01 4.842978e+04
1.683798e-01 1.140136e+05
1.230516e+00 3.735156e+04
3.251425e-01 2.362861e+05
4.468225e-01 5.894655e+04
4.268250e-01 1.111908e+05
1.847917e-01 1.103594e+05
8.636535e-01 3.234849e+04
1.814246e-01 6.310676e+03
7.783275e-01 3.900994e+04
3.284886e-01 6.931762e+04
5.882852e-01 8.760734e+04
8.173541e-01 1.191834e+05
2.314189e-01 1.313031e+05
8.146565e-01 1.109894e+05
5.731748e-01 5.620241e+03
3.196530e-01 1.140756e+05
1.546962e-01 1.519367e+04
3.526396e-01 1.272043e+05
6.382293e-01 3.790141e+04
1.047324e+00 1.588472e+05
3.433849e-02 3.087069e+04
3.990821e-01 1.105969e+05
1.857139e+00 3.758929e+04
8.682685e-01 2.104028e+05
8.886926e-01 7.859613e+04
2.814914e-01 2.042061e+05
1.096527e-01 4.395159e+03
9.498228e-01 1.260692e+05
5.022206e-01 1.256158e+05
1.018909e-01 2.523766e+04
1.002196e+00 3.048502e+05
1.522461e-01 7.865691e+03
1.784319e-01 6.228919e+03
3.460012e-01 4.425243e+04
2.391837e+00 4.237301e+04
6.736151e-01 2.512599e+05
4.490123e-01 2.474556e+05
1.409267e-01 7.769782e+04
1.899023e-01 6.112972e+03
3.593535e-01 7.310832e+04
8.275480e-01 5.791330e+04
1.846528e-01 2.048562e+04
4.374150e-01 1.114779e+05
1.565882e-01 4.785840e+04
3.117477e-01 3.185690e+04
2.362682e-02 4.597363e+03
7.372281e-01 5.408472e+04
7.329954e-02 1.165757e+05
1.031802e-01 7.505317e+04
1.228293e+00 1.483343e+05
4.780168e-01 8.988197e+04
2.377111e-01 6.133359e+04
8.800855e-01 4.937196e+03
1.669117e-01 6.637207e+04
2.068397e+00 8.913510e+04
1.411149e-01 1.459965e+05
5.605635e-03 2.389365e+05
5.011269e-01 8.487434e+04
1.865661e-01 1.079307e+05
1.322575e+00 4.193521e+04
3.302150e-01 1.703566e+05
3.863998e-01 1.587643e+05
9.680838e-01 4.130602e+04
4.782857e-01 2.740210e+04
3.103719e-01 1.716798e+04
4.222460e-01 2.676301e+04
5.560616e-01 2.073005e+05
4.908055e-01 1.171097e+05
3.279102e-01 2.413012e+05
8.961965e-01 3.600582e+05
3.673462e-02 7.965663e+04
2.153840e-01 1.214741e+05
1.299115e-02 1.368594e+05
2.471071e-01 2.150044e+04
1.609541e-01 4.580483e+02
7.206243e-01 1.964045e+04
2.091972e+00 1.302015e+04
7.347195e-01 2.177321e+05
1.073679e-01 2.499323e+05
4.089874e-01 7.296323e+03
7.860964e-01 1.177263e+04
3.084907e-01 1.068252e+04
2.060726e-01 1.227228e+05
1.457078e-01 6.569154e+04
1.111305e+00 2.590293e+04
9.110428e-02 1.516018e+04
2.610325e-01 1.153372e+05
3.033638e-01 1.947596e+05
7.110257e-02 1.963049e+04
7.272459e-01 1.370061e+05
4.887334e-01 1.066544e+05
1.062889e-01 1.131084e+05
2.111307e-01 5.251089e+04
6.624706e-01 1.929193e+05
1.148066e+00 1.756023e+04
2.904911e+00 6.013186e+03
1.801232e-02 5.731053e+03
3.838878e-01 1.951545e+04
4.401315e-01 1.560837e+04
5.242257e-01 5.619285e+04
9.908551e-03 1.023310e+05
5.349799e-02 1.940298e+04
7.184670e-02 1.555847e+05
8.641130e-02 1.157785e+05
3.406424e-01 3.243806e+05
1.130618e+00 6.648308e+04
1.323826e-01 1.360139e+04
6.648864e-02 2.203333e+04
1.053402e+00 1.895170e+04
5.054468e-01 7.525267e+04
1.411662e+00 2.878444e+04
5.103331e-02 1.637457e+04
4.303458e-01 1.818828e+05
2.745393e-01 3.498318e+05
2.692409e-02 4.915976e+04
1.880605e-01 4.312501e+04
5.111551e-02 1.265015e+05
1.437960e-01 2.099246e+05
7.595160e-01 3.151615e+04
9.969284e-01 4.628684e+03
2.244635e-01 2.208367e+05
2.480449e-01 7.734726e+04
8.587903e-02 6.818461e+04
2.020494e-01 1.065722e+05
7.455062e-01 9.656090e+04
9.262874e-01 8.021387e+04
6.076120e-01 2.991928e+05
4.131058e-01 2.000504e+05
6.483404e-01 3.863807e+05
9.224347e-01 2.513041e+05
2.483722e-01 2.016109e+05
4.184963e-01 2.929093e+04
1.734627e+00 4.886109e+04
3.246175e-01 5.800006e+04
9.243740e-03 4.950338e+04
8.751410e-02 1.115444e+05
2.510702e-01 2.794819e+05
3.675118e-01 1.018167e+05
1.019672e-01 1.045451e+05
2.759222e-01 2.716614e+04
4.010738e-01 3.731252e+04
6.946668e-01 1.880524e+03
1.417546e+00 2.386896e+05
6.323762e-01 6.763497e+04
7.095431e-01 1.991773e+05
1.341408e-01 8.505073e+04
3.523086e-01 7.055889e+04
3.128737e-01 8.805869e+04
3.302919e-01 9.409312e+03
3.514803e-01 7.392655e+04
1.316676e-02 1.427320e+05
7.825489e-01 5.006931e+05
1.170544e-01 4.978237e+03
3.661433e-01 1.169012e+05
9.836297e-02 8.039747e+04
3.061419e+00 1.030166e+05
5.995862e-01 2.634745e+04
8.829841e-01 2.547016e+05
6.796024e-02 9.609027e+04
5.839655e-02 1.374325e+05
1.134121e-01 5.429595e+04
1.003169e-01 2.478525e+03
6.912509e-02 1.944548e+05
1.999584e-01 1.554976e+05
3.459106e-01 7.980371e+04
3.510065e-01 2.481260e+05
4.536928e-01 1.179652e+04
8.890059e-02 2.232899e+04
8.424449e-01 1.520604e+05
2.830768e-01 1.377426e+05
2.873977e-01 1.776202e+04
5.802151e-02 1.797501e+04
